"GeographyCode","KS604EW0001","KS604EW0002","KS604EW0003","KS604EW0004","KS604EW0005","KS604EW0006","KS604EW0007","KS604EW0008","KS604EW0009","KS604EW0010","KS604EW0011","KS604EW0012","KS604EW0013","KS604EW0014","KS604EW0015","KS604EW0016","KS604EW0017","KS604EW0018","KS604EW0019","KS604EW0020","KS604EW0021","KS604EW0022","KS604EW0023","KS604EW0024","KS604EW0025","KS604EW0026","KS604EW0027","KS604EW0028","KS604EW0029"
"E00004120",187,17,22,87,61,100,7,8,46,39,87,10,14,41,22,9.09090909090909,11.7647058823529,46.524064171123,32.620320855615,53.475935828877,3.74331550802139,4.27807486631016,24.5989304812834,20.855614973262,46.524064171123,5.3475935828877,7.48663101604278,21.9251336898396,11.7647058823529
"E00004121",142,11,14,71,46,72,4,8,30,30,70,7,6,41,16,7.74647887323944,9.85915492957746,50,32.3943661971831,50.7042253521127,2.8169014084507,5.63380281690141,21.1267605633803,21.1267605633803,49.2957746478873,4.92957746478873,4.22535211267606,28.8732394366197,11.2676056338028
"E00004122",125,5,18,61,41,76,2,4,36,34,49,3,14,25,7,4,14.4,48.8,32.8,60.8,1.6,3.2,28.8,27.2,39.2,2.4,11.2,20,5.6
"E00004123",170,20,22,89,39,89,5,9,44,31,81,15,13,45,8,11.7647058823529,12.9411764705882,52.3529411764706,22.9411764705882,52.3529411764706,2.94117647058824,5.29411764705882,25.8823529411765,18.2352941176471,47.6470588235294,8.82352941176471,7.64705882352941,26.4705882352941,4.70588235294118
"E00004124",91,5,9,57,20,43,2,2,27,12,48,3,7,30,8,5.49450549450549,9.89010989010989,62.6373626373626,21.978021978022,47.2527472527472,2.1978021978022,2.1978021978022,29.6703296703297,13.1868131868132,52.7472527472528,3.2967032967033,7.69230769230769,32.967032967033,8.79120879120879
"E00004125",179,4,17,106,52,81,1,4,46,30,98,3,13,60,22,2.23463687150838,9.49720670391061,59.2178770949721,29.0502793296089,45.2513966480447,0.558659217877095,2.23463687150838,25.6983240223464,16.7597765363128,54.7486033519553,1.67597765363128,7.26256983240224,33.5195530726257,12.2905027932961
"E00004126",170,9,14,80,67,94,5,4,41,44,76,4,10,39,23,5.29411764705882,8.23529411764706,47.0588235294118,39.4117647058824,55.2941176470588,2.94117647058824,2.35294117647059,24.1176470588235,25.8823529411765,44.7058823529412,2.35294117647059,5.88235294117647,22.9411764705882,13.5294117647059
"E00004127",167,10,27,86,44,91,3,9,49,30,76,7,18,37,14,5.98802395209581,16.1676646706587,51.497005988024,26.3473053892216,54.4910179640719,1.79640718562874,5.38922155688623,29.3413173652695,17.9640718562874,45.5089820359281,4.19161676646707,10.7784431137725,22.1556886227545,8.38323353293413
"E00004128",171,11,12,84,64,87,6,1,38,42,84,5,11,46,22,6.4327485380117,7.01754385964912,49.1228070175439,37.4269005847953,50.8771929824561,3.50877192982456,0.584795321637427,22.2222222222222,24.5614035087719,49.1228070175439,2.92397660818713,6.4327485380117,26.9005847953216,12.8654970760234
"E00004129",178,5,17,101,55,93,2,7,49,35,85,3,10,52,20,2.80898876404494,9.55056179775281,56.7415730337079,30.8988764044944,52.247191011236,1.12359550561798,3.93258426966292,27.5280898876405,19.6629213483146,47.752808988764,1.68539325842697,5.61797752808989,29.2134831460674,11.2359550561798
"E00004130",172,11,27,96,38,89,4,11,46,28,83,7,16,50,10,6.3953488372093,15.6976744186047,55.8139534883721,22.093023255814,51.7441860465116,2.32558139534884,6.3953488372093,26.7441860465116,16.2790697674419,48.2558139534884,4.06976744186047,9.30232558139535,29.0697674418605,5.81395348837209
"E00004131",179,18,25,80,56,89,4,5,42,38,90,14,20,38,18,10.0558659217877,13.9664804469274,44.6927374301676,31.2849162011173,49.7206703910614,2.23463687150838,2.79329608938547,23.463687150838,21.2290502793296,50.2793296089386,7.82122905027933,11.1731843575419,21.2290502793296,10.0558659217877
"E00004132",130,6,16,63,45,64,2,5,25,32,66,4,11,38,13,4.61538461538462,12.3076923076923,48.4615384615385,34.6153846153846,49.2307692307692,1.53846153846154,3.84615384615385,19.2307692307692,24.6153846153846,50.7692307692308,3.07692307692308,8.46153846153846,29.2307692307692,10
"E00004133",150,12,21,58,59,71,3,7,24,37,79,9,14,34,22,8,14,38.6666666666667,39.3333333333333,47.3333333333333,2,4.66666666666667,16,24.6666666666667,52.6666666666667,6,9.33333333333333,22.6666666666667,14.6666666666667
"E00004134",104,11,6,56,31,54,4,2,34,14,50,7,4,22,17,10.5769230769231,5.76923076923077,53.8461538461538,29.8076923076923,51.9230769230769,3.84615384615385,1.92307692307692,32.6923076923077,13.4615384615385,48.0769230769231,6.73076923076923,3.84615384615385,21.1538461538462,16.3461538461538
"E00004135",115,9,17,54,35,54,4,3,28,19,61,5,14,26,16,7.82608695652174,14.7826086956522,46.9565217391304,30.4347826086957,46.9565217391304,3.47826086956522,2.60869565217391,24.3478260869565,16.5217391304348,53.0434782608696,4.34782608695652,12.1739130434783,22.6086956521739,13.9130434782609
"E00004136",144,7,12,64,61,75,2,5,32,36,69,5,7,32,25,4.86111111111111,8.33333333333333,44.4444444444444,42.3611111111111,52.0833333333333,1.38888888888889,3.47222222222222,22.2222222222222,25,47.9166666666667,3.47222222222222,4.86111111111111,22.2222222222222,17.3611111111111
"E00004137",180,13,24,94,49,94,2,7,49,36,86,11,17,45,13,7.22222222222222,13.3333333333333,52.2222222222222,27.2222222222222,52.2222222222222,1.11111111111111,3.88888888888889,27.2222222222222,20,47.7777777777778,6.11111111111111,9.44444444444444,25,7.22222222222222
"E00004138",126,11,16,60,39,69,1,7,33,28,57,10,9,27,11,8.73015873015873,12.6984126984127,47.6190476190476,30.952380952381,54.7619047619048,0.793650793650794,5.55555555555556,26.1904761904762,22.2222222222222,45.2380952380952,7.93650793650794,7.14285714285714,21.4285714285714,8.73015873015873
"E00004139",80,17,22,30,11,37,5,8,15,9,43,12,14,15,2,21.25,27.5,37.5,13.75,46.25,6.25,10,18.75,11.25,53.75,15,17.5,18.75,2.5
"E00004140",122,5,10,61,46,59,5,4,23,27,63,0,6,38,19,4.0983606557377,8.19672131147541,50,37.7049180327869,48.3606557377049,4.0983606557377,3.27868852459016,18.8524590163934,22.1311475409836,51.6393442622951,0,4.91803278688525,31.1475409836066,15.5737704918033
"E00004141",98,9,9,44,36,48,2,3,20,23,50,7,6,24,13,9.18367346938776,9.18367346938776,44.8979591836735,36.734693877551,48.9795918367347,2.04081632653061,3.06122448979592,20.4081632653061,23.469387755102,51.0204081632653,7.14285714285714,6.12244897959184,24.4897959183673,13.265306122449
"E00004142",151,7,20,74,50,86,4,10,37,35,65,3,10,37,15,4.63576158940397,13.2450331125828,49.0066225165563,33.112582781457,56.953642384106,2.64900662251656,6.62251655629139,24.5033112582781,23.1788079470199,43.046357615894,1.98675496688742,6.62251655629139,24.5033112582781,9.93377483443709
"E00004143",141,5,11,57,68,82,0,5,32,45,59,5,6,25,23,3.54609929078014,7.80141843971631,40.4255319148936,48.2269503546099,58.1560283687943,0,3.54609929078014,22.6950354609929,31.9148936170213,41.8439716312057,3.54609929078014,4.25531914893617,17.7304964539007,16.3120567375887
"E00004144",131,9,11,66,45,66,0,6,31,29,65,9,5,35,16,6.87022900763359,8.3969465648855,50.381679389313,34.3511450381679,50.381679389313,0,4.58015267175572,23.6641221374046,22.1374045801527,49.618320610687,6.87022900763359,3.81679389312977,26.7175572519084,12.2137404580153
"E00004145",161,16,15,83,47,81,3,4,41,33,80,13,11,42,14,9.93788819875776,9.3167701863354,51.5527950310559,29.1925465838509,50.3105590062112,1.86335403726708,2.48447204968944,25.4658385093168,20.4968944099379,49.6894409937888,8.07453416149068,6.83229813664596,26.0869565217391,8.69565217391304
"E00004146",172,13,16,85,58,77,6,5,33,33,95,7,11,52,25,7.55813953488372,9.30232558139535,49.4186046511628,33.7209302325581,44.7674418604651,3.48837209302326,2.90697674418605,19.1860465116279,19.1860465116279,55.2325581395349,4.06976744186047,6.3953488372093,30.2325581395349,14.5348837209302
"E00004147",152,3,13,85,51,77,0,5,39,33,75,3,8,46,18,1.97368421052632,8.55263157894737,55.921052631579,33.5526315789474,50.6578947368421,0,3.28947368421053,25.6578947368421,21.7105263157895,49.3421052631579,1.97368421052632,5.26315789473684,30.2631578947368,11.8421052631579
"E00004148",101,8,17,48,28,53,3,3,25,22,48,5,14,23,6,7.92079207920792,16.8316831683168,47.5247524752475,27.7227722772277,52.4752475247525,2.97029702970297,2.97029702970297,24.7524752475248,21.7821782178218,47.5247524752475,4.95049504950495,13.8613861386139,22.7722772277228,5.94059405940594
"E00004149",196,14,14,103,65,102,3,4,48,47,94,11,10,55,18,7.14285714285714,7.14285714285714,52.5510204081633,33.1632653061224,52.0408163265306,1.53061224489796,2.04081632653061,24.4897959183673,23.9795918367347,47.9591836734694,5.61224489795918,5.10204081632653,28.0612244897959,9.18367346938776
"E00004150",222,8,12,127,75,117,1,3,69,44,105,7,9,58,31,3.6036036036036,5.40540540540541,57.2072072072072,33.7837837837838,52.7027027027027,0.45045045045045,1.35135135135135,31.0810810810811,19.8198198198198,47.2972972972973,3.15315315315315,4.05405405405405,26.1261261261261,13.963963963964
"E00004151",195,8,12,99,76,97,4,2,45,46,98,4,10,54,30,4.1025641025641,6.15384615384615,50.7692307692308,38.974358974359,49.7435897435897,2.05128205128205,1.02564102564103,23.0769230769231,23.5897435897436,50.2564102564103,2.05128205128205,5.12820512820513,27.6923076923077,15.3846153846154
"E00004152",130,10,14,52,54,76,5,3,30,38,54,5,11,22,16,7.69230769230769,10.7692307692308,40,41.5384615384615,58.4615384615385,3.84615384615385,2.30769230769231,23.0769230769231,29.2307692307692,41.5384615384615,3.84615384615385,8.46153846153846,16.9230769230769,12.3076923076923
"E00004153",123,7,18,69,29,70,4,4,39,23,53,3,14,30,6,5.69105691056911,14.6341463414634,56.0975609756098,23.5772357723577,56.9105691056911,3.2520325203252,3.2520325203252,31.7073170731707,18.6991869918699,43.0894308943089,2.4390243902439,11.3821138211382,24.390243902439,4.8780487804878
"E00004154",160,9,8,85,58,95,1,3,56,35,65,8,5,29,23,5.625,5,53.125,36.25,59.375,0.625,1.875,35,21.875,40.625,5,3.125,18.125,14.375
"E00004155",135,10,18,57,50,73,2,5,30,36,62,8,13,27,14,7.40740740740741,13.3333333333333,42.2222222222222,37.037037037037,54.0740740740741,1.48148148148148,3.7037037037037,22.2222222222222,26.6666666666667,45.9259259259259,5.92592592592593,9.62962962962963,20,10.3703703703704
"E00004156",132,8,17,69,38,73,6,6,35,26,59,2,11,34,12,6.06060606060606,12.8787878787879,52.2727272727273,28.7878787878788,55.3030303030303,4.54545454545455,4.54545454545455,26.5151515151515,19.6969696969697,44.6969696969697,1.51515151515152,8.33333333333333,25.7575757575758,9.09090909090909
"E00004157",131,4,21,75,31,76,2,10,43,21,55,2,11,32,10,3.05343511450382,16.030534351145,57.2519083969466,23.6641221374046,58.0152671755725,1.52671755725191,7.63358778625954,32.824427480916,16.030534351145,41.9847328244275,1.52671755725191,8.3969465648855,24.4274809160305,7.63358778625954
"E00004158",111,13,15,59,24,55,3,4,34,14,56,10,11,25,10,11.7117117117117,13.5135135135135,53.1531531531532,21.6216216216216,49.5495495495495,2.7027027027027,3.6036036036036,30.6306306306306,12.6126126126126,50.4504504504504,9.00900900900901,9.90990990990991,22.5225225225225,9.00900900900901
"E00004159",120,14,35,54,17,67,8,15,32,12,53,6,20,22,5,11.6666666666667,29.1666666666667,45,14.1666666666667,55.8333333333333,6.66666666666667,12.5,26.6666666666667,10,44.1666666666667,5,16.6666666666667,18.3333333333333,4.16666666666667
"E00004160",62,9,19,31,3,25,1,8,14,2,37,8,11,17,1,14.5161290322581,30.6451612903226,50,4.83870967741935,40.3225806451613,1.61290322580645,12.9032258064516,22.5806451612903,3.2258064516129,59.6774193548387,12.9032258064516,17.741935483871,27.4193548387097,1.61290322580645
"E00004161",121,11,11,63,36,55,2,5,27,21,66,9,6,36,15,9.09090909090909,9.09090909090909,52.0661157024793,29.7520661157025,45.4545454545455,1.65289256198347,4.13223140495868,22.3140495867769,17.3553719008264,54.5454545454545,7.43801652892562,4.95867768595041,29.7520661157025,12.396694214876
"E00004162",157,7,16,80,54,82,2,8,41,31,75,5,8,39,23,4.45859872611465,10.1910828025478,50.9554140127389,34.3949044585987,52.2292993630573,1.27388535031847,5.09554140127389,26.1146496815287,19.7452229299363,47.7707006369427,3.18471337579618,5.09554140127389,24.8407643312102,14.6496815286624
"E00004163",194,11,23,84,76,112,3,4,47,58,82,8,19,37,18,5.67010309278351,11.8556701030928,43.298969072165,39.1752577319588,57.7319587628866,1.54639175257732,2.06185567010309,24.2268041237113,29.8969072164948,42.2680412371134,4.12371134020619,9.79381443298969,19.0721649484536,9.27835051546392
"E00004164",137,23,34,68,12,68,6,14,38,10,69,17,20,30,2,16.7883211678832,24.8175182481752,49.6350364963504,8.75912408759124,49.6350364963504,4.37956204379562,10.2189781021898,27.7372262773723,7.2992700729927,50.3649635036496,12.4087591240876,14.5985401459854,21.8978102189781,1.45985401459854
"E00004165",111,9,17,66,19,65,4,12,33,16,46,5,5,33,3,8.10810810810811,15.3153153153153,59.4594594594595,17.1171171171171,58.5585585585586,3.6036036036036,10.8108108108108,29.7297297297297,14.4144144144144,41.4414414414414,4.5045045045045,4.5045045045045,29.7297297297297,2.7027027027027
"E00004166",112,14,32,47,19,62,6,15,25,16,50,8,17,22,3,12.5,28.5714285714286,41.9642857142857,16.9642857142857,55.3571428571429,5.35714285714286,13.3928571428571,22.3214285714286,14.2857142857143,44.6428571428571,7.14285714285714,15.1785714285714,19.6428571428571,2.67857142857143
"E00004167",132,12,18,61,41,72,3,2,36,31,60,9,16,25,10,9.09090909090909,13.6363636363636,46.2121212121212,31.0606060606061,54.5454545454545,2.27272727272727,1.51515151515152,27.2727272727273,23.4848484848485,45.4545454545455,6.81818181818182,12.1212121212121,18.9393939393939,7.57575757575758
"E00004168",108,7,10,54,37,58,3,3,29,23,50,4,7,25,14,6.48148148148148,9.25925925925926,50,34.2592592592593,53.7037037037037,2.77777777777778,2.77777777777778,26.8518518518519,21.2962962962963,46.2962962962963,3.7037037037037,6.48148148148148,23.1481481481481,12.962962962963
"E00004169",183,10,30,99,44,98,6,14,49,29,85,4,16,50,15,5.46448087431694,16.3934426229508,54.0983606557377,24.0437158469945,53.551912568306,3.27868852459016,7.65027322404372,26.775956284153,15.8469945355191,46.448087431694,2.18579234972678,8.7431693989071,27.3224043715847,8.19672131147541
"E00004172",149,9,17,78,45,102,2,11,53,36,47,7,6,25,9,6.04026845637584,11.4093959731544,52.3489932885906,30.2013422818792,68.4563758389262,1.34228187919463,7.38255033557047,35.5704697986577,24.1610738255034,31.5436241610738,4.69798657718121,4.02684563758389,16.7785234899329,6.04026845637584
"E00004173",164,61,19,65,19,89,26,11,41,11,75,35,8,24,8,37.1951219512195,11.5853658536585,39.6341463414634,11.5853658536585,54.2682926829268,15.8536585365854,6.70731707317073,25,6.70731707317073,45.7317073170732,21.3414634146341,4.8780487804878,14.6341463414634,4.8780487804878
"E00004174",77,12,14,39,12,39,6,3,23,7,38,6,11,16,5,15.5844155844156,18.1818181818182,50.6493506493506,15.5844155844156,50.6493506493506,7.79220779220779,3.8961038961039,29.8701298701299,9.09090909090909,49.3506493506493,7.79220779220779,14.2857142857143,20.7792207792208,6.49350649350649
"E00004175",102,15,16,53,18,60,12,11,25,12,42,3,5,28,6,14.7058823529412,15.6862745098039,51.9607843137255,17.6470588235294,58.8235294117647,11.7647058823529,10.7843137254902,24.5098039215686,11.7647058823529,41.1764705882353,2.94117647058824,4.90196078431373,27.4509803921569,5.88235294117647
"E00004177",99,37,8,34,20,52,22,2,15,13,47,15,6,19,7,37.3737373737374,8.08080808080808,34.3434343434343,20.2020202020202,52.5252525252525,22.2222222222222,2.02020202020202,15.1515151515152,13.1313131313131,47.4747474747475,15.1515151515152,6.06060606060606,19.1919191919192,7.07070707070707
"E00004179",114,11,26,61,16,54,6,7,28,13,60,5,19,33,3,9.64912280701754,22.8070175438596,53.5087719298246,14.0350877192982,47.3684210526316,5.26315789473684,6.14035087719298,24.5614035087719,11.4035087719298,52.6315789473684,4.3859649122807,16.6666666666667,28.9473684210526,2.63157894736842
"E00004180",106,9,18,60,19,42,4,5,22,11,64,5,13,38,8,8.49056603773585,16.9811320754717,56.6037735849057,17.9245283018868,39.622641509434,3.77358490566038,4.71698113207547,20.7547169811321,10.377358490566,60.377358490566,4.71698113207547,12.2641509433962,35.8490566037736,7.54716981132075
"E00004181",123,13,30,66,14,62,6,14,31,11,61,7,16,35,3,10.5691056910569,24.390243902439,53.6585365853659,11.3821138211382,50.4065040650407,4.8780487804878,11.3821138211382,25.2032520325203,8.94308943089431,49.5934959349593,5.69105691056911,13.0081300813008,28.4552845528455,2.4390243902439
"E00004182",84,10,11,50,13,39,2,5,26,6,45,8,6,24,7,11.9047619047619,13.0952380952381,59.5238095238095,15.4761904761905,46.4285714285714,2.38095238095238,5.95238095238095,30.952380952381,7.14285714285714,53.5714285714286,9.52380952380952,7.14285714285714,28.5714285714286,8.33333333333333
"E00004183",93,8,18,59,8,49,3,6,34,6,44,5,12,25,2,8.60215053763441,19.3548387096774,63.4408602150538,8.60215053763441,52.6881720430108,3.2258064516129,6.45161290322581,36.5591397849462,6.45161290322581,47.3118279569892,5.37634408602151,12.9032258064516,26.8817204301075,2.1505376344086
"E00004184",92,9,18,52,13,54,3,6,36,9,38,6,12,16,4,9.78260869565217,19.5652173913043,56.5217391304348,14.1304347826087,58.695652173913,3.26086956521739,6.52173913043478,39.1304347826087,9.78260869565217,41.304347826087,6.52173913043478,13.0434782608696,17.3913043478261,4.34782608695652
"E00004185",149,9,40,71,29,69,7,13,31,18,80,2,27,40,11,6.04026845637584,26.8456375838926,47.6510067114094,19.4630872483221,46.3087248322148,4.69798657718121,8.7248322147651,20.8053691275168,12.0805369127517,53.6912751677852,1.34228187919463,18.1208053691275,26.8456375838926,7.38255033557047
"E00004187",257,38,23,125,71,167,23,13,83,48,90,15,10,42,23,14.7859922178988,8.94941634241245,48.6381322957198,27.6264591439689,64.9805447470817,8.94941634241245,5.05836575875486,32.295719844358,18.6770428015564,35.0194552529183,5.83657587548638,3.89105058365759,16.3424124513619,8.94941634241245
"E00004188",73,4,6,37,26,42,1,1,24,16,31,3,5,13,10,5.47945205479452,8.21917808219178,50.6849315068493,35.6164383561644,57.5342465753425,1.36986301369863,1.36986301369863,32.8767123287671,21.9178082191781,42.4657534246575,4.10958904109589,6.84931506849315,17.8082191780822,13.6986301369863
"E00004189",88,9,7,40,32,55,3,5,26,21,33,6,2,14,11,10.2272727272727,7.95454545454545,45.4545454545455,36.3636363636364,62.5,3.40909090909091,5.68181818181818,29.5454545454545,23.8636363636364,37.5,6.81818181818182,2.27272727272727,15.9090909090909,12.5
"E00004190",279,13,39,177,50,162,8,28,98,28,117,5,11,79,22,4.6594982078853,13.9784946236559,63.4408602150538,17.921146953405,58.0645161290323,2.8673835125448,10.0358422939068,35.1254480286738,10.0358422939068,41.9354838709677,1.7921146953405,3.9426523297491,28.3154121863799,7.88530465949821
"E00004193",326,27,26,213,60,182,13,9,119,41,144,14,17,94,19,8.28220858895705,7.97546012269939,65.3374233128834,18.4049079754601,55.8282208588957,3.98773006134969,2.76073619631902,36.5030674846626,12.5766871165644,44.1717791411043,4.29447852760736,5.21472392638037,28.8343558282209,5.8282208588957
"E00004194",157,9,14,88,46,95,4,4,51,36,62,5,10,37,10,5.73248407643312,8.9171974522293,56.0509554140127,29.2993630573248,60.5095541401274,2.54777070063694,2.54777070063694,32.484076433121,22.9299363057325,39.4904458598726,3.18471337579618,6.36942675159236,23.5668789808917,6.36942675159236
"E00004195",181,13,14,110,44,107,6,5,66,30,74,7,9,44,14,7.18232044198895,7.73480662983425,60.7734806629834,24.3093922651934,59.1160220994475,3.31491712707182,2.76243093922652,36.4640883977901,16.5745856353591,40.8839779005525,3.86740331491713,4.97237569060773,24.3093922651934,7.73480662983425
"E00004196",102,3,15,44,40,57,0,5,26,26,45,3,10,18,14,2.94117647058824,14.7058823529412,43.1372549019608,39.2156862745098,55.8823529411765,0,4.90196078431373,25.4901960784314,25.4901960784314,44.1176470588235,2.94117647058824,9.80392156862745,17.6470588235294,13.7254901960784
"E00004197",154,7,14,86,47,79,4,7,40,28,75,3,7,46,19,4.54545454545455,9.09090909090909,55.8441558441558,30.5194805194805,51.2987012987013,2.5974025974026,4.54545454545455,25.974025974026,18.1818181818182,48.7012987012987,1.94805194805195,4.54545454545455,29.8701298701299,12.3376623376623
"E00004198",180,18,20,100,42,109,9,12,61,27,71,9,8,39,15,10,11.1111111111111,55.5555555555556,23.3333333333333,60.5555555555556,5,6.66666666666667,33.8888888888889,15,39.4444444444444,5,4.44444444444444,21.6666666666667,8.33333333333333
"E00004199",179,14,21,98,46,111,8,11,64,28,68,6,10,34,18,7.82122905027933,11.731843575419,54.7486033519553,25.6983240223464,62.0111731843575,4.46927374301676,6.14525139664804,35.7541899441341,15.6424581005587,37.9888268156425,3.35195530726257,5.58659217877095,18.9944134078212,10.0558659217877
"E00004200",174,10,17,111,36,103,3,10,68,22,71,7,7,43,14,5.74712643678161,9.77011494252874,63.7931034482759,20.6896551724138,59.1954022988506,1.72413793103448,5.74712643678161,39.0804597701149,12.6436781609195,40.8045977011494,4.02298850574713,4.02298850574713,24.7126436781609,8.04597701149425
"E00004201",161,18,14,74,55,82,4,6,38,34,79,14,8,36,21,11.1801242236025,8.69565217391304,45.9627329192547,34.1614906832298,50.9316770186335,2.48447204968944,3.72670807453416,23.6024844720497,21.1180124223602,49.0683229813665,8.69565217391304,4.96894409937888,22.360248447205,13.0434782608696
"E00004202",34,1,6,17,10,19,1,3,9,6,15,0,3,8,4,2.94117647058824,17.6470588235294,50,29.4117647058824,55.8823529411765,2.94117647058824,8.82352941176471,26.4705882352941,17.6470588235294,44.1176470588235,0,8.82352941176471,23.5294117647059,11.7647058823529
"E00004203",215,19,28,115,53,115,5,12,63,35,100,14,16,52,18,8.83720930232558,13.0232558139535,53.4883720930233,24.6511627906977,53.4883720930233,2.32558139534884,5.58139534883721,29.3023255813954,16.2790697674419,46.5116279069767,6.51162790697674,7.44186046511628,24.1860465116279,8.37209302325581
"E00004204",171,12,23,89,47,95,5,8,53,29,76,7,15,36,18,7.01754385964912,13.4502923976608,52.046783625731,27.4853801169591,55.5555555555556,2.92397660818713,4.67836257309941,30.9941520467836,16.9590643274854,44.4444444444444,4.09356725146199,8.7719298245614,21.0526315789474,10.5263157894737
"E00004205",232,23,18,121,70,118,7,5,54,52,114,16,13,67,18,9.91379310344828,7.75862068965517,52.1551724137931,30.1724137931034,50.8620689655172,3.01724137931034,2.1551724137931,23.2758620689655,22.4137931034483,49.1379310344828,6.89655172413793,5.60344827586207,28.8793103448276,7.75862068965517
"E00004206",135,17,33,65,20,69,8,10,37,14,66,9,23,28,6,12.5925925925926,24.4444444444444,48.1481481481481,14.8148148148148,51.1111111111111,5.92592592592593,7.40740740740741,27.4074074074074,10.3703703703704,48.8888888888889,6.66666666666667,17.037037037037,20.7407407407407,4.44444444444444
"E00004207",121,20,31,57,13,70,5,16,38,11,51,15,15,19,2,16.5289256198347,25.6198347107438,47.1074380165289,10.7438016528926,57.8512396694215,4.13223140495868,13.2231404958678,31.404958677686,9.09090909090909,42.1487603305785,12.396694214876,12.396694214876,15.702479338843,1.65289256198347
"E00004208",98,9,15,54,20,49,4,7,23,15,49,5,8,31,5,9.18367346938776,15.3061224489796,55.1020408163265,20.4081632653061,50,4.08163265306122,7.14285714285714,23.469387755102,15.3061224489796,50,5.10204081632653,8.16326530612245,31.6326530612245,5.10204081632653
"E00004209",158,9,20,96,33,88,2,13,49,24,70,7,7,47,9,5.69620253164557,12.6582278481013,60.7594936708861,20.8860759493671,55.6962025316456,1.26582278481013,8.22784810126582,31.0126582278481,15.1898734177215,44.3037974683544,4.43037974683544,4.43037974683544,29.746835443038,5.69620253164557
"E00004210",98,7,29,54,8,48,6,12,25,5,50,1,17,29,3,7.14285714285714,29.5918367346939,55.1020408163265,8.16326530612245,48.9795918367347,6.12244897959184,12.2448979591837,25.5102040816327,5.10204081632653,51.0204081632653,1.02040816326531,17.3469387755102,29.5918367346939,3.06122448979592
"E00004211",190,24,24,109,33,97,10,9,52,26,93,14,15,57,7,12.6315789473684,12.6315789473684,57.3684210526316,17.3684210526316,51.0526315789474,5.26315789473684,4.73684210526316,27.3684210526316,13.6842105263158,48.9473684210526,7.36842105263158,7.89473684210526,30,3.68421052631579
"E00004212",183,15,21,111,36,110,8,8,68,26,73,7,13,43,10,8.19672131147541,11.4754098360656,60.655737704918,19.672131147541,60.1092896174863,4.37158469945355,4.37158469945355,37.1584699453552,14.207650273224,39.8907103825137,3.82513661202186,7.10382513661202,23.4972677595628,5.46448087431694
"E00004213",164,11,34,81,38,87,2,13,51,21,77,9,21,30,17,6.70731707317073,20.7317073170732,49.390243902439,23.1707317073171,53.0487804878049,1.21951219512195,7.92682926829268,31.0975609756098,12.8048780487805,46.9512195121951,5.48780487804878,12.8048780487805,18.2926829268293,10.3658536585366
"E00004214",246,21,36,125,64,136,5,17,75,39,110,16,19,50,25,8.53658536585366,14.6341463414634,50.8130081300813,26.0162601626016,55.2845528455285,2.03252032520325,6.91056910569106,30.4878048780488,15.8536585365854,44.7154471544715,6.50406504065041,7.72357723577236,20.3252032520325,10.1626016260163
"E00004215",174,14,19,90,51,90,6,5,47,32,84,8,14,43,19,8.04597701149425,10.9195402298851,51.7241379310345,29.3103448275862,51.7241379310345,3.44827586206897,2.8735632183908,27.0114942528736,18.3908045977011,48.2758620689655,4.59770114942529,8.04597701149425,24.7126436781609,10.9195402298851
"E00004216",189,14,30,83,62,98,5,14,43,36,91,9,16,40,26,7.40740740740741,15.8730158730159,43.9153439153439,32.8042328042328,51.8518518518518,2.64550264550265,7.40740740740741,22.7513227513227,19.047619047619,48.1481481481481,4.76190476190476,8.46560846560847,21.1640211640212,13.7566137566138
"E00004217",170,8,12,93,57,96,0,8,52,36,74,8,4,41,21,4.70588235294118,7.05882352941176,54.7058823529412,33.5294117647059,56.4705882352941,0,4.70588235294118,30.5882352941176,21.1764705882353,43.5294117647059,4.70588235294118,2.35294117647059,24.1176470588235,12.3529411764706
"E00004218",144,6,21,78,39,73,1,8,41,23,71,5,13,37,16,4.16666666666667,14.5833333333333,54.1666666666667,27.0833333333333,50.6944444444444,0.694444444444444,5.55555555555556,28.4722222222222,15.9722222222222,49.3055555555556,3.47222222222222,9.02777777777778,25.6944444444444,11.1111111111111
"E00004219",218,19,32,113,54,125,5,14,69,37,93,14,18,44,17,8.71559633027523,14.6788990825688,51.8348623853211,24.7706422018349,57.3394495412844,2.29357798165138,6.42201834862385,31.651376146789,16.9724770642202,42.6605504587156,6.42201834862385,8.25688073394496,20.1834862385321,7.79816513761468
"E00004220",63,4,7,39,13,30,0,0,22,8,33,4,7,17,5,6.34920634920635,11.1111111111111,61.9047619047619,20.6349206349206,47.6190476190476,0,0,34.9206349206349,12.6984126984127,52.3809523809524,6.34920634920635,11.1111111111111,26.984126984127,7.93650793650794
"E00004221",143,6,24,64,49,81,2,11,29,39,62,4,13,35,10,4.1958041958042,16.7832167832168,44.7552447552448,34.2657342657343,56.6433566433566,1.3986013986014,7.69230769230769,20.2797202797203,27.2727272727273,43.3566433566434,2.7972027972028,9.09090909090909,24.4755244755245,6.99300699300699
"E00004222",116,4,16,57,39,63,3,5,28,27,53,1,11,29,12,3.44827586206897,13.7931034482759,49.1379310344828,33.6206896551724,54.3103448275862,2.58620689655172,4.31034482758621,24.1379310344828,23.2758620689655,45.6896551724138,0.862068965517241,9.48275862068965,25,10.3448275862069
"E00004223",139,11,25,86,17,70,7,8,42,13,69,4,17,44,4,7.9136690647482,17.9856115107914,61.8705035971223,12.2302158273381,50.3597122302158,5.03597122302158,5.75539568345324,30.2158273381295,9.35251798561151,49.6402877697842,2.87769784172662,12.2302158273381,31.6546762589928,2.87769784172662
"E00004224",185,21,21,69,74,98,7,7,36,48,87,14,14,33,26,11.3513513513514,11.3513513513514,37.2972972972973,40,52.972972972973,3.78378378378378,3.78378378378378,19.4594594594595,25.9459459459459,47.027027027027,7.56756756756757,7.56756756756757,17.8378378378378,14.0540540540541
"E00004225",273,33,28,170,42,142,18,11,82,31,131,15,17,88,11,12.0879120879121,10.2564102564103,62.2710622710623,15.3846153846154,52.014652014652,6.59340659340659,4.02930402930403,30.03663003663,11.3553113553114,47.985347985348,5.49450549450549,6.22710622710623,32.2344322344322,4.02930402930403
"E00004226",133,9,11,62,51,75,3,3,38,31,58,6,8,24,20,6.76691729323308,8.27067669172932,46.6165413533835,38.3458646616541,56.390977443609,2.25563909774436,2.25563909774436,28.5714285714286,23.3082706766917,43.609022556391,4.51127819548872,6.01503759398496,18.0451127819549,15.0375939849624
"E00004227",139,8,21,74,36,75,6,9,38,22,64,2,12,36,14,5.75539568345324,15.1079136690647,53.2374100719424,25.8992805755396,53.9568345323741,4.31654676258993,6.47482014388489,27.3381294964029,15.8273381294964,46.0431654676259,1.43884892086331,8.63309352517986,25.8992805755396,10.0719424460432
"E00004228",126,5,15,57,49,64,2,5,24,33,62,3,10,33,16,3.96825396825397,11.9047619047619,45.2380952380952,38.8888888888889,50.7936507936508,1.58730158730159,3.96825396825397,19.047619047619,26.1904761904762,49.2063492063492,2.38095238095238,7.93650793650794,26.1904761904762,12.6984126984127
"E00004229",218,8,24,125,61,128,7,9,67,45,90,1,15,58,16,3.6697247706422,11.0091743119266,57.3394495412844,27.9816513761468,58.7155963302752,3.21100917431193,4.12844036697248,30.7339449541284,20.6422018348624,41.2844036697248,0.458715596330275,6.88073394495413,26.605504587156,7.3394495412844
"E00004230",140,8,19,88,25,70,3,9,40,18,70,5,10,48,7,5.71428571428571,13.5714285714286,62.8571428571429,17.8571428571429,50,2.14285714285714,6.42857142857143,28.5714285714286,12.8571428571429,50,3.57142857142857,7.14285714285714,34.2857142857143,5
"E00004231",193,14,24,80,75,95,3,9,34,49,98,11,15,46,26,7.25388601036269,12.4352331606218,41.4507772020725,38.860103626943,49.2227979274611,1.55440414507772,4.66321243523316,17.6165803108808,25.3886010362694,50.7772020725389,5.69948186528497,7.7720207253886,23.8341968911917,13.4715025906736
"E00004232",91,19,15,32,25,44,5,8,14,17,47,14,7,18,8,20.8791208791209,16.4835164835165,35.1648351648352,27.4725274725275,48.3516483516484,5.49450549450549,8.79120879120879,15.3846153846154,18.6813186813187,51.6483516483517,15.3846153846154,7.69230769230769,19.7802197802198,8.79120879120879
"E00004233",129,10,20,68,31,71,2,10,40,19,58,8,10,28,12,7.75193798449612,15.5038759689922,52.7131782945737,24.031007751938,55.0387596899225,1.55038759689922,7.75193798449612,31.0077519379845,14.7286821705426,44.9612403100775,6.2015503875969,7.75193798449612,21.7054263565891,9.30232558139535
"E00004234",156,13,19,68,56,74,3,5,26,40,82,10,14,42,16,8.33333333333333,12.1794871794872,43.5897435897436,35.8974358974359,47.4358974358974,1.92307692307692,3.2051282051282,16.6666666666667,25.6410256410256,52.5641025641026,6.41025641025641,8.97435897435897,26.9230769230769,10.2564102564103
"E00004235",187,11,27,107,42,110,7,14,61,28,77,4,13,46,14,5.88235294117647,14.4385026737968,57.2192513368984,22.4598930481283,58.8235294117647,3.74331550802139,7.48663101604278,32.620320855615,14.9732620320856,41.1764705882353,2.13903743315508,6.95187165775401,24.5989304812834,7.48663101604278
"E00004236",185,24,30,106,25,103,11,18,56,18,82,13,12,50,7,12.972972972973,16.2162162162162,57.2972972972973,13.5135135135135,55.6756756756757,5.94594594594595,9.72972972972973,30.2702702702703,9.72972972972973,44.3243243243243,7.02702702702703,6.48648648648649,27.027027027027,3.78378378378378
"E00004237",147,16,22,87,22,80,7,9,46,18,67,9,13,41,4,10.8843537414966,14.9659863945578,59.1836734693878,14.9659863945578,54.421768707483,4.76190476190476,6.12244897959184,31.2925170068027,12.2448979591837,45.578231292517,6.12244897959184,8.84353741496599,27.891156462585,2.72108843537415
"E00004238",163,7,16,96,44,82,4,4,41,33,81,3,12,55,11,4.29447852760736,9.8159509202454,58.8957055214724,26.9938650306748,50.3067484662577,2.45398773006135,2.45398773006135,25.1533742331288,20.2453987730061,49.6932515337423,1.84049079754601,7.36196319018405,33.7423312883436,6.74846625766871
"E00004239",109,6,22,66,15,46,1,5,31,9,63,5,17,35,6,5.5045871559633,20.1834862385321,60.5504587155963,13.7614678899083,42.2018348623853,0.917431192660551,4.58715596330275,28.4403669724771,8.25688073394496,57.7981651376147,4.58715596330275,15.5963302752294,32.1100917431193,5.5045871559633
"E00004240",149,21,19,88,21,77,8,9,49,11,72,13,10,39,10,14.0939597315436,12.751677852349,59.0604026845638,14.0939597315436,51.6778523489933,5.36912751677852,6.04026845637584,32.8859060402685,7.38255033557047,48.3221476510067,8.7248322147651,6.71140939597315,26.1744966442953,6.71140939597315
"E00004241",170,14,20,78,58,93,3,9,40,41,77,11,11,38,17,8.23529411764706,11.7647058823529,45.8823529411765,34.1176470588235,54.7058823529412,1.76470588235294,5.29411764705882,23.5294117647059,24.1176470588235,45.2941176470588,6.47058823529412,6.47058823529412,22.3529411764706,10
"E00004242",122,6,7,83,26,50,3,2,26,19,72,3,5,57,7,4.91803278688525,5.73770491803279,68.0327868852459,21.3114754098361,40.9836065573771,2.45901639344262,1.63934426229508,21.3114754098361,15.5737704918033,59.0163934426229,2.45901639344262,4.0983606557377,46.7213114754098,5.73770491803279
"E00004243",142,10,18,58,56,88,5,6,34,43,54,5,12,24,13,7.04225352112676,12.6760563380282,40.8450704225352,39.4366197183099,61.9718309859155,3.52112676056338,4.22535211267606,23.943661971831,30.2816901408451,38.0281690140845,3.52112676056338,8.45070422535211,16.9014084507042,9.15492957746479
"E00004244",88,16,20,47,5,48,7,12,27,2,40,9,8,20,3,18.1818181818182,22.7272727272727,53.4090909090909,5.68181818181818,54.5454545454545,7.95454545454545,13.6363636363636,30.6818181818182,2.27272727272727,45.4545454545455,10.2272727272727,9.09090909090909,22.7272727272727,3.40909090909091
"E00004245",157,8,16,105,28,73,3,6,44,20,84,5,10,61,8,5.09554140127389,10.1910828025478,66.8789808917197,17.8343949044586,46.4968152866242,1.91082802547771,3.82165605095541,28.0254777070064,12.7388535031847,53.5031847133758,3.18471337579618,6.36942675159236,38.8535031847134,5.09554140127389
"E00004246",216,71,42,71,32,103,26,20,39,18,113,45,22,32,14,32.8703703703704,19.4444444444444,32.8703703703704,14.8148148148148,47.6851851851852,12.037037037037,9.25925925925926,18.0555555555556,8.33333333333333,52.3148148148148,20.8333333333333,10.1851851851852,14.8148148148148,6.48148148148148
"E00004247",173,12,26,93,42,79,3,8,45,23,94,9,18,48,19,6.9364161849711,15.028901734104,53.757225433526,24.2774566473988,45.6647398843931,1.73410404624277,4.6242774566474,26.0115606936416,13.2947976878613,54.3352601156069,5.20231213872832,10.4046242774566,27.7456647398844,10.9826589595376
"E00004248",233,16,49,122,46,117,5,16,72,24,116,11,33,50,22,6.86695278969957,21.0300429184549,52.3605150214592,19.7424892703863,50.2145922746781,2.14592274678112,6.86695278969957,30.9012875536481,10.3004291845494,49.7854077253219,4.72103004291846,14.1630901287554,21.4592274678112,9.44206008583691
"E00004249",134,3,23,82,26,67,2,9,40,16,67,1,14,42,10,2.23880597014925,17.1641791044776,61.1940298507463,19.4029850746269,50,1.49253731343284,6.71641791044776,29.8507462686567,11.9402985074627,50,0.746268656716418,10.4477611940298,31.3432835820896,7.46268656716418
"E00004250",168,17,14,101,36,87,5,5,54,23,81,12,9,47,13,10.1190476190476,8.33333333333333,60.1190476190476,21.4285714285714,51.7857142857143,2.97619047619048,2.97619047619048,32.1428571428571,13.6904761904762,48.2142857142857,7.14285714285714,5.35714285714286,27.9761904761905,7.73809523809524
"E00004251",133,10,22,73,28,76,6,12,38,20,57,4,10,35,8,7.5187969924812,16.5413533834586,54.8872180451128,21.0526315789474,57.1428571428571,4.51127819548872,9.02255639097744,28.5714285714286,15.0375939849624,42.8571428571429,3.00751879699248,7.5187969924812,26.3157894736842,6.01503759398496
"E00004252",142,11,28,67,36,67,2,8,34,23,75,9,20,33,13,7.74647887323944,19.7183098591549,47.1830985915493,25.3521126760563,47.1830985915493,1.40845070422535,5.63380281690141,23.943661971831,16.1971830985916,52.8169014084507,6.33802816901408,14.0845070422535,23.2394366197183,9.15492957746479
"E00004253",141,14,24,85,18,83,5,10,56,12,58,9,14,29,6,9.9290780141844,17.0212765957447,60.2836879432624,12.7659574468085,58.8652482269503,3.54609929078014,7.09219858156028,39.7163120567376,8.51063829787234,41.1347517730496,6.38297872340426,9.9290780141844,20.5673758865248,4.25531914893617
"E00004254",118,20,20,69,9,57,3,9,39,6,61,17,11,30,3,16.9491525423729,16.9491525423729,58.4745762711864,7.6271186440678,48.3050847457627,2.54237288135593,7.6271186440678,33.0508474576271,5.08474576271187,51.6949152542373,14.4067796610169,9.32203389830508,25.4237288135593,2.54237288135593
"E00004255",152,13,29,82,28,72,4,11,39,18,80,9,18,43,10,8.55263157894737,19.0789473684211,53.9473684210526,18.4210526315789,47.3684210526316,2.63157894736842,7.23684210526316,25.6578947368421,11.8421052631579,52.6315789473684,5.92105263157895,11.8421052631579,28.2894736842105,6.57894736842105
"E00004256",139,15,36,68,20,69,7,15,35,12,70,8,21,33,8,10.7913669064748,25.8992805755396,48.9208633093525,14.3884892086331,49.6402877697842,5.03597122302158,10.7913669064748,25.1798561151079,8.63309352517986,50.3597122302158,5.75539568345324,15.1079136690647,23.7410071942446,5.75539568345324
"E00004257",159,7,26,96,30,88,4,10,56,18,71,3,16,40,12,4.40251572327044,16.3522012578616,60.377358490566,18.8679245283019,55.3459119496855,2.51572327044025,6.28930817610063,35.2201257861635,11.3207547169811,44.6540880503145,1.88679245283019,10.062893081761,25.1572327044025,7.54716981132075
"E00004258",159,6,12,109,32,85,0,3,60,22,74,6,9,49,10,3.77358490566038,7.54716981132075,68.5534591194968,20.125786163522,53.4591194968553,0,1.88679245283019,37.7358490566038,13.8364779874214,46.5408805031447,3.77358490566038,5.66037735849057,30.8176100628931,6.28930817610063
"E00004259",72,4,24,38,6,41,1,13,24,3,31,3,11,14,3,5.55555555555556,33.3333333333333,52.7777777777778,8.33333333333333,56.9444444444444,1.38888888888889,18.0555555555556,33.3333333333333,4.16666666666667,43.0555555555556,4.16666666666667,15.2777777777778,19.4444444444444,4.16666666666667
"E00004260",112,10,31,58,13,64,6,16,34,8,48,4,15,24,5,8.92857142857143,27.6785714285714,51.7857142857143,11.6071428571429,57.1428571428571,5.35714285714286,14.2857142857143,30.3571428571429,7.14285714285714,42.8571428571429,3.57142857142857,13.3928571428571,21.4285714285714,4.46428571428571
"E00004261",125,11,24,68,22,59,3,12,32,12,66,8,12,36,10,8.8,19.2,54.4,17.6,47.2,2.4,9.6,25.6,9.6,52.8,6.4,9.6,28.8,8
"E00004262",96,16,21,44,15,43,3,12,18,10,53,13,9,26,5,16.6666666666667,21.875,45.8333333333333,15.625,44.7916666666667,3.125,12.5,18.75,10.4166666666667,55.2083333333333,13.5416666666667,9.375,27.0833333333333,5.20833333333333
"E00004263",150,23,32,87,8,69,7,11,47,4,81,16,21,40,4,15.3333333333333,21.3333333333333,58,5.33333333333333,46,4.66666666666667,7.33333333333333,31.3333333333333,2.66666666666667,54,10.6666666666667,14,26.6666666666667,2.66666666666667
"E00004264",223,13,26,144,40,128,8,11,80,29,95,5,15,64,11,5.82959641255605,11.6591928251121,64.5739910313901,17.9372197309417,57.3991031390135,3.58744394618834,4.93273542600897,35.8744394618834,13.0044843049327,42.6008968609865,2.24215246636771,6.72645739910314,28.6995515695067,4.93273542600897
"E00004265",117,12,12,70,23,50,4,1,31,14,67,8,11,39,9,10.2564102564103,10.2564102564103,59.8290598290598,19.6581196581197,42.7350427350427,3.41880341880342,0.854700854700855,26.4957264957265,11.965811965812,57.2649572649573,6.83760683760684,9.4017094017094,33.3333333333333,7.69230769230769
"E00004266",163,12,27,100,24,80,3,9,57,11,83,9,18,43,13,7.36196319018405,16.5644171779141,61.3496932515337,14.7239263803681,49.079754601227,1.84049079754601,5.52147239263804,34.9693251533742,6.74846625766871,50.920245398773,5.52147239263804,11.0429447852761,26.3803680981595,7.97546012269939
"E00004268",134,11,25,79,19,65,2,9,40,14,69,9,16,39,5,8.2089552238806,18.6567164179104,58.955223880597,14.1791044776119,48.5074626865672,1.49253731343284,6.71641791044776,29.8507462686567,10.4477611940298,51.4925373134328,6.71641791044776,11.9402985074627,29.1044776119403,3.73134328358209
"E00004269",116,3,24,73,16,55,0,11,32,12,61,3,13,41,4,2.58620689655172,20.6896551724138,62.9310344827586,13.7931034482759,47.4137931034483,0,9.48275862068965,27.5862068965517,10.3448275862069,52.5862068965517,2.58620689655172,11.2068965517241,35.3448275862069,3.44827586206897
"E00004270",234,31,41,128,34,118,11,19,67,21,116,20,22,61,13,13.2478632478632,17.5213675213675,54.7008547008547,14.5299145299145,50.4273504273504,4.7008547008547,8.11965811965812,28.6324786324786,8.97435897435897,49.5726495726496,8.54700854700855,9.4017094017094,26.0683760683761,5.55555555555556
"E00004271",176,7,26,116,27,97,5,13,65,14,79,2,13,51,13,3.97727272727273,14.7727272727273,65.9090909090909,15.3409090909091,55.1136363636364,2.84090909090909,7.38636363636364,36.9318181818182,7.95454545454545,44.8863636363636,1.13636363636364,7.38636363636364,28.9772727272727,7.38636363636364
"E00004272",162,18,26,88,30,79,7,7,44,21,83,11,19,44,9,11.1111111111111,16.0493827160494,54.320987654321,18.5185185185185,48.7654320987654,4.32098765432099,4.32098765432099,27.1604938271605,12.962962962963,51.2345679012346,6.79012345679012,11.7283950617284,27.1604938271605,5.55555555555556
"E00004273",220,17,31,122,50,118,5,17,71,25,102,12,14,51,25,7.72727272727273,14.0909090909091,55.4545454545455,22.7272727272727,53.6363636363636,2.27272727272727,7.72727272727273,32.2727272727273,11.3636363636364,46.3636363636364,5.45454545454545,6.36363636363636,23.1818181818182,11.3636363636364
"E00004274",181,10,28,96,47,90,2,7,51,30,91,8,21,45,17,5.52486187845304,15.4696132596685,53.0386740331492,25.9668508287293,49.7237569060773,1.10497237569061,3.86740331491713,28.1767955801105,16.5745856353591,50.2762430939227,4.41988950276243,11.6022099447514,24.8618784530387,9.39226519337017
"E00004275",124,14,14,76,20,63,6,4,42,11,61,8,10,34,9,11.2903225806452,11.2903225806452,61.2903225806452,16.1290322580645,50.8064516129032,4.83870967741935,3.2258064516129,33.8709677419355,8.87096774193548,49.1935483870968,6.45161290322581,8.06451612903226,27.4193548387097,7.25806451612903
"E00004276",143,10,27,80,26,67,2,10,39,16,76,8,17,41,10,6.99300699300699,18.8811188811189,55.9440559440559,18.1818181818182,46.8531468531469,1.3986013986014,6.99300699300699,27.2727272727273,11.1888111888112,53.1468531468531,5.59440559440559,11.8881118881119,28.6713286713287,6.99300699300699
"E00004277",149,11,27,79,32,75,3,9,45,18,74,8,18,34,14,7.38255033557047,18.1208053691275,53.0201342281879,21.4765100671141,50.3355704697987,2.01342281879195,6.04026845637584,30.2013422818792,12.0805369127517,49.6644295302013,5.36912751677852,12.0805369127517,22.8187919463087,9.39597315436242
"E00004278",132,9,18,79,26,69,2,7,42,18,63,7,11,37,8,6.81818181818182,13.6363636363636,59.8484848484849,19.6969696969697,52.2727272727273,1.51515151515152,5.3030303030303,31.8181818181818,13.6363636363636,47.7272727272727,5.3030303030303,8.33333333333333,28.030303030303,6.06060606060606
"E00004279",147,8,27,91,21,86,3,14,51,18,61,5,13,40,3,5.4421768707483,18.3673469387755,61.9047619047619,14.2857142857143,58.5034013605442,2.04081632653061,9.52380952380952,34.6938775510204,12.2448979591837,41.4965986394558,3.40136054421769,8.84353741496599,27.2108843537415,2.04081632653061
"E00004280",125,9,22,64,30,67,4,11,33,19,58,5,11,31,11,7.2,17.6,51.2,24,53.6,3.2,8.8,26.4,15.2,46.4,4,8.8,24.8,8.8
"E00004281",142,15,13,85,29,72,5,6,41,20,70,10,7,44,9,10.5633802816901,9.15492957746479,59.8591549295775,20.4225352112676,50.7042253521127,3.52112676056338,4.22535211267606,28.8732394366197,14.0845070422535,49.2957746478873,7.04225352112676,4.92957746478873,30.9859154929577,6.33802816901408
"E00004282",172,12,21,106,33,92,5,12,55,20,80,7,9,51,13,6.97674418604651,12.2093023255814,61.6279069767442,19.1860465116279,53.4883720930233,2.90697674418605,6.97674418604651,31.9767441860465,11.6279069767442,46.5116279069767,4.06976744186047,5.23255813953488,29.6511627906977,7.55813953488372
"E00004283",158,13,19,92,34,77,4,8,44,21,81,9,11,48,13,8.22784810126582,12.0253164556962,58.2278481012658,21.5189873417722,48.7341772151899,2.53164556962025,5.06329113924051,27.8481012658228,13.2911392405063,51.2658227848101,5.69620253164557,6.9620253164557,30.379746835443,8.22784810126582
"E00004284",131,5,16,79,31,69,3,8,44,14,62,2,8,35,17,3.81679389312977,12.2137404580153,60.3053435114504,23.6641221374046,52.6717557251908,2.29007633587786,6.10687022900763,33.587786259542,10.6870229007634,47.3282442748092,1.52671755725191,6.10687022900763,26.7175572519084,12.9770992366412
"E00004285",181,8,13,128,32,86,2,4,62,18,95,6,9,66,14,4.41988950276243,7.18232044198895,70.7182320441989,17.6795580110497,47.5138121546961,1.10497237569061,2.20994475138122,34.2541436464088,9.94475138121547,52.4861878453039,3.31491712707182,4.97237569060773,36.4640883977901,7.73480662983425
"E00004286",180,8,25,110,37,95,3,10,63,19,85,5,15,47,18,4.44444444444444,13.8888888888889,61.1111111111111,20.5555555555556,52.7777777777778,1.66666666666667,5.55555555555556,35,10.5555555555556,47.2222222222222,2.77777777777778,8.33333333333333,26.1111111111111,10
"E00004287",161,12,21,108,20,81,2,10,55,14,80,10,11,53,6,7.45341614906832,13.0434782608696,67.0807453416149,12.4223602484472,50.3105590062112,1.24223602484472,6.2111801242236,34.1614906832298,8.69565217391304,49.6894409937888,6.2111801242236,6.83229813664596,32.9192546583851,3.72670807453416
"E00004288",180,14,19,106,41,86,3,6,55,22,94,11,13,51,19,7.77777777777778,10.5555555555556,58.8888888888889,22.7777777777778,47.7777777777778,1.66666666666667,3.33333333333333,30.5555555555556,12.2222222222222,52.2222222222222,6.11111111111111,7.22222222222222,28.3333333333333,10.5555555555556
"E00004289",152,7,13,95,37,85,5,8,49,23,67,2,5,46,14,4.60526315789474,8.55263157894737,62.5,24.3421052631579,55.921052631579,3.28947368421053,5.26315789473684,32.2368421052632,15.1315789473684,44.078947368421,1.31578947368421,3.28947368421053,30.2631578947368,9.21052631578947
"E00004290",186,11,23,112,40,103,3,12,59,29,83,8,11,53,11,5.91397849462366,12.3655913978495,60.2150537634409,21.505376344086,55.3763440860215,1.61290322580645,6.45161290322581,31.7204301075269,15.5913978494624,44.6236559139785,4.3010752688172,5.91397849462366,28.494623655914,5.91397849462366
"E00004291",147,14,25,91,17,75,8,13,42,12,72,6,12,49,5,9.52380952380952,17.0068027210884,61.9047619047619,11.5646258503401,51.0204081632653,5.4421768707483,8.84353741496599,28.5714285714286,8.16326530612245,48.9795918367347,4.08163265306122,8.16326530612245,33.3333333333333,3.40136054421769
"E00004292",91,19,17,47,8,49,3,11,28,7,42,16,6,19,1,20.8791208791209,18.6813186813187,51.6483516483517,8.79120879120879,53.8461538461538,3.2967032967033,12.0879120879121,30.7692307692308,7.69230769230769,46.1538461538462,17.5824175824176,6.59340659340659,20.8791208791209,1.0989010989011
"E00004293",129,6,18,82,23,75,5,9,49,12,54,1,9,33,11,4.65116279069767,13.953488372093,63.5658914728682,17.8294573643411,58.1395348837209,3.87596899224806,6.97674418604651,37.984496124031,9.30232558139535,41.8604651162791,0.775193798449612,6.97674418604651,25.5813953488372,8.52713178294574
"E00004294",134,8,8,84,34,71,4,2,46,19,63,4,6,38,15,5.97014925373134,5.97014925373134,62.6865671641791,25.3731343283582,52.9850746268657,2.98507462686567,1.49253731343284,34.3283582089552,14.1791044776119,47.0149253731343,2.98507462686567,4.47761194029851,28.3582089552239,11.1940298507463
"E00004295",216,25,26,111,54,118,12,8,58,40,98,13,18,53,14,11.5740740740741,12.037037037037,51.3888888888889,25,54.6296296296296,5.55555555555556,3.7037037037037,26.8518518518519,18.5185185185185,45.3703703703704,6.01851851851852,8.33333333333333,24.537037037037,6.48148148148148
"E00004296",157,12,40,82,23,82,4,18,47,13,75,8,22,35,10,7.64331210191083,25.4777070063694,52.2292993630573,14.6496815286624,52.2292993630573,2.54777070063694,11.4649681528662,29.9363057324841,8.28025477707006,47.7707006369427,5.09554140127389,14.0127388535032,22.2929936305732,6.36942675159236
"E00004297",188,10,21,109,48,95,5,7,55,28,93,5,14,54,20,5.31914893617021,11.1702127659574,57.9787234042553,25.531914893617,50.531914893617,2.65957446808511,3.72340425531915,29.2553191489362,14.8936170212766,49.468085106383,2.65957446808511,7.4468085106383,28.7234042553192,10.6382978723404
"E00004298",171,14,22,100,35,86,3,3,54,26,85,11,19,46,9,8.18713450292398,12.8654970760234,58.4795321637427,20.4678362573099,50.2923976608187,1.75438596491228,1.75438596491228,31.5789473684211,15.2046783625731,49.7076023391813,6.4327485380117,11.1111111111111,26.9005847953216,5.26315789473684
"E00004299",172,8,17,104,43,95,2,5,57,31,77,6,12,47,12,4.65116279069767,9.88372093023256,60.4651162790698,25,55.2325581395349,1.16279069767442,2.90697674418605,33.1395348837209,18.0232558139535,44.7674418604651,3.48837209302326,6.97674418604651,27.3255813953488,6.97674418604651
"E00004300",148,8,18,93,29,75,1,8,46,20,73,7,10,47,9,5.40540540540541,12.1621621621622,62.8378378378378,19.5945945945946,50.6756756756757,0.675675675675676,5.40540540540541,31.0810810810811,13.5135135135135,49.3243243243243,4.72972972972973,6.75675675675676,31.7567567567568,6.08108108108108
"E00004301",309,19,46,211,33,159,8,21,107,23,150,11,25,104,10,6.14886731391586,14.8867313915858,68.2847896440129,10.6796116504854,51.4563106796116,2.58899676375405,6.79611650485437,34.6278317152104,7.44336569579288,48.5436893203884,3.55987055016181,8.09061488673139,33.6569579288026,3.23624595469256
"E00004302",163,15,22,92,34,87,4,5,50,28,76,11,17,42,6,9.20245398773006,13.4969325153374,56.441717791411,20.8588957055215,53.3742331288344,2.45398773006135,3.06748466257669,30.6748466257669,17.1779141104294,46.6257668711656,6.74846625766871,10.4294478527607,25.7668711656442,3.68098159509202
"E00004303",172,17,21,92,42,89,4,7,46,32,83,13,14,46,10,9.88372093023256,12.2093023255814,53.4883720930233,24.4186046511628,51.7441860465116,2.32558139534884,4.06976744186047,26.7441860465116,18.6046511627907,48.2558139534884,7.55813953488372,8.13953488372093,26.7441860465116,5.81395348837209
"E00004304",247,17,24,144,62,131,8,9,64,50,116,9,15,80,12,6.88259109311741,9.7165991902834,58.2995951417004,25.1012145748988,53.0364372469636,3.23886639676113,3.64372469635628,25.9109311740891,20.2429149797571,46.9635627530364,3.64372469635628,6.07287449392713,32.3886639676113,4.8582995951417
"E00004305",179,20,20,93,46,83,7,7,39,30,96,13,13,54,16,11.1731843575419,11.1731843575419,51.9553072625698,25.6983240223464,46.3687150837989,3.91061452513966,3.91061452513966,21.7877094972067,16.7597765363128,53.6312849162011,7.26256983240224,7.26256983240224,30.1675977653631,8.93854748603352
"E00004306",182,11,24,101,46,105,5,8,61,31,77,6,16,40,15,6.04395604395604,13.1868131868132,55.4945054945055,25.2747252747253,57.6923076923077,2.74725274725275,4.3956043956044,33.5164835164835,17.032967032967,42.3076923076923,3.2967032967033,8.79120879120879,21.978021978022,8.24175824175824
"E00004307",203,21,29,104,49,101,10,8,55,28,102,11,21,49,21,10.3448275862069,14.2857142857143,51.2315270935961,24.1379310344828,49.7536945812808,4.92610837438424,3.94088669950739,27.0935960591133,13.7931034482759,50.2463054187192,5.41871921182266,10.3448275862069,24.1379310344828,10.3448275862069
"E00004308",159,8,16,98,37,84,5,6,53,20,75,3,10,45,17,5.0314465408805,10.062893081761,61.6352201257862,23.2704402515723,52.8301886792453,3.14465408805031,3.77358490566038,33.3333333333333,12.5786163522013,47.1698113207547,1.88679245283019,6.28930817610063,28.3018867924528,10.6918238993711
"E00004309",185,6,30,103,46,98,3,11,52,32,87,3,19,51,14,3.24324324324324,16.2162162162162,55.6756756756757,24.8648648648649,52.972972972973,1.62162162162162,5.94594594594595,28.1081081081081,17.2972972972973,47.027027027027,1.62162162162162,10.2702702702703,27.5675675675676,7.56756756756757
"E00004310",170,16,23,79,52,86,6,7,41,32,84,10,16,38,20,9.41176470588235,13.5294117647059,46.4705882352941,30.5882352941176,50.5882352941176,3.52941176470588,4.11764705882353,24.1176470588235,18.8235294117647,49.4117647058824,5.88235294117647,9.41176470588235,22.3529411764706,11.7647058823529
"E00004311",149,11,14,77,47,82,2,4,42,34,67,9,10,35,13,7.38255033557047,9.39597315436242,51.6778523489933,31.5436241610738,55.0335570469799,1.34228187919463,2.68456375838926,28.1879194630872,22.8187919463087,44.9664429530201,6.04026845637584,6.71140939597315,23.489932885906,8.7248322147651
"E00004312",183,11,23,115,34,95,3,12,55,25,88,8,11,60,9,6.01092896174863,12.568306010929,62.8415300546448,18.5792349726776,51.9125683060109,1.63934426229508,6.55737704918033,30.0546448087432,13.6612021857924,48.0874316939891,4.37158469945355,6.01092896174863,32.7868852459016,4.91803278688525
"E00004313",185,23,17,94,51,84,7,7,41,29,101,16,10,53,22,12.4324324324324,9.18918918918919,50.8108108108108,27.5675675675676,45.4054054054054,3.78378378378378,3.78378378378378,22.1621621621622,15.6756756756757,54.5945945945946,8.64864864864865,5.40540540540541,28.6486486486486,11.8918918918919
"E00004314",202,16,26,124,36,109,4,10,67,28,93,12,16,57,8,7.92079207920792,12.8712871287129,61.3861386138614,17.8217821782178,53.960396039604,1.98019801980198,4.95049504950495,33.1683168316832,13.8613861386139,46.039603960396,5.94059405940594,7.92079207920792,28.2178217821782,3.96039603960396
"E00004315",227,12,25,135,55,124,3,12,69,40,103,9,13,66,15,5.2863436123348,11.0132158590308,59.4713656387665,24.2290748898678,54.625550660793,1.3215859030837,5.2863436123348,30.3964757709251,17.6211453744493,45.374449339207,3.9647577092511,5.72687224669604,29.0748898678414,6.6079295154185
"E00004316",160,7,18,120,15,99,1,8,79,11,61,6,10,41,4,4.375,11.25,75,9.375,61.875,0.625,5,49.375,6.875,38.125,3.75,6.25,25.625,2.5
"E00004317",263,13,27,154,69,133,5,9,73,46,130,8,18,81,23,4.94296577946768,10.2661596958175,58.5551330798479,26.2357414448669,50.5703422053232,1.90114068441065,3.42205323193916,27.7566539923954,17.4904942965779,49.4296577946768,3.04182509505703,6.84410646387833,30.7984790874525,8.74524714828897
"E00004318",196,16,18,110,52,114,13,7,60,34,82,3,11,50,18,8.16326530612245,9.18367346938776,56.1224489795918,26.530612244898,58.1632653061224,6.63265306122449,3.57142857142857,30.6122448979592,17.3469387755102,41.8367346938776,1.53061224489796,5.61224489795918,25.5102040816327,9.18367346938776
"E00004319",209,12,11,132,54,108,2,7,65,34,101,10,4,67,20,5.74162679425837,5.26315789473684,63.1578947368421,25.8373205741627,51.6746411483254,0.956937799043062,3.34928229665072,31.1004784688995,16.2679425837321,48.3253588516746,4.78468899521531,1.91387559808612,32.0574162679426,9.56937799043062
"E00004320",148,15,21,65,47,82,8,7,39,28,66,7,14,26,19,10.1351351351351,14.1891891891892,43.9189189189189,31.7567567567568,55.4054054054054,5.40540540540541,4.72972972972973,26.3513513513513,18.9189189189189,44.5945945945946,4.72972972972973,9.45945945945946,17.5675675675676,12.8378378378378
"E00004321",173,18,26,64,65,95,5,12,30,48,78,13,14,34,17,10.4046242774566,15.028901734104,36.9942196531792,37.5722543352601,54.9132947976879,2.89017341040462,6.9364161849711,17.3410404624277,27.7456647398844,45.0867052023121,7.51445086705202,8.09248554913295,19.6531791907514,9.82658959537572
"E00004322",144,24,23,59,38,74,8,6,30,30,70,16,17,29,8,16.6666666666667,15.9722222222222,40.9722222222222,26.3888888888889,51.3888888888889,5.55555555555556,4.16666666666667,20.8333333333333,20.8333333333333,48.6111111111111,11.1111111111111,11.8055555555556,20.1388888888889,5.55555555555556
"E00004323",183,61,28,60,34,88,21,14,32,21,95,40,14,28,13,33.3333333333333,15.3005464480874,32.7868852459016,18.5792349726776,48.0874316939891,11.4754098360656,7.65027322404372,17.4863387978142,11.4754098360656,51.9125683060109,21.8579234972678,7.65027322404372,15.3005464480874,7.10382513661202
"E00004324",128,15,13,59,41,72,5,4,30,33,56,10,9,29,8,11.71875,10.15625,46.09375,32.03125,56.25,3.90625,3.125,23.4375,25.78125,43.75,7.8125,7.03125,22.65625,6.25
"E00004325",118,12,12,55,39,62,3,4,32,23,56,9,8,23,16,10.1694915254237,10.1694915254237,46.6101694915254,33.0508474576271,52.5423728813559,2.54237288135593,3.38983050847458,27.1186440677966,19.4915254237288,47.4576271186441,7.6271186440678,6.77966101694915,19.4915254237288,13.5593220338983
"E00004326",114,4,15,61,34,67,2,8,33,24,47,2,7,28,10,3.50877192982456,13.1578947368421,53.5087719298246,29.8245614035088,58.7719298245614,1.75438596491228,7.01754385964912,28.9473684210526,21.0526315789474,41.2280701754386,1.75438596491228,6.14035087719298,24.5614035087719,8.7719298245614
"E00004327",156,12,15,78,51,84,4,4,39,37,72,8,11,39,14,7.69230769230769,9.61538461538462,50,32.6923076923077,53.8461538461538,2.56410256410256,2.56410256410256,25,23.7179487179487,46.1538461538462,5.12820512820513,7.05128205128205,25,8.97435897435897
"E00004328",129,6,13,63,47,80,5,6,36,33,49,1,7,27,14,4.65116279069767,10.077519379845,48.8372093023256,36.4341085271318,62.015503875969,3.87596899224806,4.65116279069767,27.906976744186,25.5813953488372,37.984496124031,0.775193798449612,5.42635658914729,20.9302325581395,10.8527131782946
"E00004329",155,9,12,84,50,84,3,3,44,34,71,6,9,40,16,5.80645161290323,7.74193548387097,54.1935483870968,32.258064516129,54.1935483870968,1.93548387096774,1.93548387096774,28.3870967741935,21.9354838709677,45.8064516129032,3.87096774193548,5.80645161290323,25.8064516129032,10.3225806451613
"E00004330",182,10,13,90,69,101,5,3,41,52,81,5,10,49,17,5.49450549450549,7.14285714285714,49.4505494505495,37.9120879120879,55.4945054945055,2.74725274725275,1.64835164835165,22.5274725274725,28.5714285714286,44.5054945054945,2.74725274725275,5.49450549450549,26.9230769230769,9.34065934065934
"E00004331",160,14,20,76,50,87,3,9,44,31,73,11,11,32,19,8.75,12.5,47.5,31.25,54.375,1.875,5.625,27.5,19.375,45.625,6.875,6.875,20,11.875
"E00004332",104,6,11,54,33,54,0,2,32,20,50,6,9,22,13,5.76923076923077,10.5769230769231,51.9230769230769,31.7307692307692,51.9230769230769,0,1.92307692307692,30.7692307692308,19.2307692307692,48.0769230769231,5.76923076923077,8.65384615384615,21.1538461538462,12.5
"E00004333",162,7,15,78,62,90,4,5,40,41,72,3,10,38,21,4.32098765432099,9.25925925925926,48.1481481481481,38.2716049382716,55.5555555555556,2.46913580246914,3.08641975308642,24.6913580246914,25.3086419753086,44.4444444444444,1.85185185185185,6.17283950617284,23.4567901234568,12.962962962963
"E00004334",112,8,7,59,38,59,1,4,29,25,53,7,3,30,13,7.14285714285714,6.25,52.6785714285714,33.9285714285714,52.6785714285714,0.892857142857143,3.57142857142857,25.8928571428571,22.3214285714286,47.3214285714286,6.25,2.67857142857143,26.7857142857143,11.6071428571429
"E00004335",201,20,21,107,53,108,8,7,55,38,93,12,14,52,15,9.95024875621891,10.4477611940298,53.2338308457711,26.3681592039801,53.7313432835821,3.98009950248756,3.48258706467662,27.363184079602,18.9054726368159,46.2686567164179,5.97014925373134,6.96517412935323,25.8706467661692,7.46268656716418
"E00004336",223,13,21,124,65,107,3,8,56,40,116,10,13,68,25,5.82959641255605,9.41704035874439,55.6053811659193,29.1479820627803,47.9820627802691,1.34529147982063,3.58744394618834,25.1121076233184,17.9372197309417,52.0179372197309,4.48430493273543,5.82959641255605,30.4932735426009,11.2107623318386
"E00004337",125,6,13,59,47,68,3,3,30,32,57,3,10,29,15,4.8,10.4,47.2,37.6,54.4,2.4,2.4,24,25.6,45.6,2.4,8,23.2,12
"E00004338",148,15,14,53,66,78,2,6,23,47,70,13,8,30,19,10.1351351351351,9.45945945945946,35.8108108108108,44.5945945945946,52.7027027027027,1.35135135135135,4.05405405405405,15.5405405405405,31.7567567567568,47.2972972972973,8.78378378378378,5.40540540540541,20.2702702702703,12.8378378378378
"E00004339",117,12,12,59,34,61,4,6,27,24,56,8,6,32,10,10.2564102564103,10.2564102564103,50.4273504273504,29.0598290598291,52.1367521367521,3.41880341880342,5.12820512820513,23.0769230769231,20.5128205128205,47.8632478632479,6.83760683760684,5.12820512820513,27.3504273504274,8.54700854700855
"E00004340",115,7,13,73,22,61,4,6,42,9,54,3,7,31,13,6.08695652173913,11.304347826087,63.4782608695652,19.1304347826087,53.0434782608696,3.47826086956522,5.21739130434783,36.5217391304348,7.82608695652174,46.9565217391304,2.60869565217391,6.08695652173913,26.9565217391304,11.304347826087
"E00004341",168,7,13,93,55,88,1,4,46,37,80,6,9,47,18,4.16666666666667,7.73809523809524,55.3571428571429,32.7380952380952,52.3809523809524,0.595238095238095,2.38095238095238,27.3809523809524,22.0238095238095,47.6190476190476,3.57142857142857,5.35714285714286,27.9761904761905,10.7142857142857
"E00004342",127,5,8,68,46,60,1,3,28,28,67,4,5,40,18,3.93700787401575,6.2992125984252,53.5433070866142,36.2204724409449,47.244094488189,0.78740157480315,2.36220472440945,22.0472440944882,22.0472440944882,52.755905511811,3.1496062992126,3.93700787401575,31.496062992126,14.1732283464567
"E00004343",133,7,7,62,57,72,2,4,31,35,61,5,3,31,22,5.26315789473684,5.26315789473684,46.6165413533835,42.8571428571429,54.1353383458647,1.50375939849624,3.00751879699248,23.3082706766917,26.3157894736842,45.8646616541353,3.7593984962406,2.25563909774436,23.3082706766917,16.5413533834586
"E00004344",136,8,7,76,45,77,5,1,42,29,59,3,6,34,16,5.88235294117647,5.14705882352941,55.8823529411765,33.0882352941176,56.6176470588235,3.67647058823529,0.735294117647059,30.8823529411765,21.3235294117647,43.3823529411765,2.20588235294118,4.41176470588235,25,11.7647058823529
"E00004345",139,17,20,60,42,78,6,12,33,27,61,11,8,27,15,12.2302158273381,14.3884892086331,43.1654676258993,30.2158273381295,56.1151079136691,4.31654676258993,8.63309352517986,23.7410071942446,19.4244604316547,43.8848920863309,7.9136690647482,5.75539568345324,19.4244604316547,10.7913669064748
"E00004346",110,18,14,50,28,60,4,5,29,22,50,14,9,21,6,16.3636363636364,12.7272727272727,45.4545454545455,25.4545454545455,54.5454545454545,3.63636363636364,4.54545454545455,26.3636363636364,20,45.4545454545455,12.7272727272727,8.18181818181818,19.0909090909091,5.45454545454545
"E00004347",126,14,18,54,40,79,11,7,28,33,47,3,11,26,7,11.1111111111111,14.2857142857143,42.8571428571429,31.7460317460317,62.6984126984127,8.73015873015873,5.55555555555556,22.2222222222222,26.1904761904762,37.3015873015873,2.38095238095238,8.73015873015873,20.6349206349206,5.55555555555556
"E00004348",138,17,19,54,48,67,4,7,24,32,71,13,12,30,16,12.3188405797101,13.768115942029,39.1304347826087,34.7826086956522,48.5507246376812,2.89855072463768,5.07246376811594,17.3913043478261,23.1884057971014,51.4492753623188,9.42028985507246,8.69565217391304,21.7391304347826,11.5942028985507
"E00004349",158,16,27,54,61,87,6,4,32,45,71,10,23,22,16,10.126582278481,17.0886075949367,34.1772151898734,38.6075949367089,55.0632911392405,3.79746835443038,2.53164556962025,20.253164556962,28.4810126582279,44.9367088607595,6.32911392405063,14.5569620253165,13.9240506329114,10.126582278481
"E00004350",119,16,18,51,34,74,8,6,36,24,45,8,12,15,10,13.4453781512605,15.1260504201681,42.8571428571429,28.5714285714286,62.1848739495798,6.72268907563025,5.04201680672269,30.2521008403361,20.1680672268908,37.8151260504202,6.72268907563025,10.0840336134454,12.6050420168067,8.40336134453782
"E00004351",146,15,27,55,49,74,6,10,26,32,72,9,17,29,17,10.2739726027397,18.4931506849315,37.6712328767123,33.5616438356164,50.6849315068493,4.10958904109589,6.84931506849315,17.8082191780822,21.9178082191781,49.3150684931507,6.16438356164384,11.6438356164384,19.8630136986301,11.6438356164384
"E00004352",150,18,21,56,55,89,5,7,35,42,61,13,14,21,13,12,14,37.3333333333333,36.6666666666667,59.3333333333333,3.33333333333333,4.66666666666667,23.3333333333333,28,40.6666666666667,8.66666666666667,9.33333333333333,14,8.66666666666667
"E00004353",101,5,14,44,38,68,2,7,29,30,33,3,7,15,8,4.95049504950495,13.8613861386139,43.5643564356436,37.6237623762376,67.3267326732673,1.98019801980198,6.93069306930693,28.7128712871287,29.7029702970297,32.6732673267327,2.97029702970297,6.93069306930693,14.8514851485149,7.92079207920792
"E00004354",146,18,16,66,46,78,7,4,35,32,68,11,12,31,14,12.3287671232877,10.958904109589,45.2054794520548,31.5068493150685,53.4246575342466,4.79452054794521,2.73972602739726,23.972602739726,21.9178082191781,46.5753424657534,7.53424657534247,8.21917808219178,21.2328767123288,9.58904109589041
"E00004355",122,12,17,56,37,71,3,8,32,28,51,9,9,24,9,9.83606557377049,13.9344262295082,45.9016393442623,30.327868852459,58.1967213114754,2.45901639344262,6.55737704918033,26.2295081967213,22.9508196721311,41.8032786885246,7.37704918032787,7.37704918032787,19.672131147541,7.37704918032787
"E00004356",162,11,28,61,62,96,5,16,29,46,66,6,12,32,16,6.79012345679012,17.2839506172839,37.6543209876543,38.2716049382716,59.2592592592593,3.08641975308642,9.87654320987654,17.9012345679012,28.3950617283951,40.7407407407407,3.7037037037037,7.40740740740741,19.7530864197531,9.87654320987654
"E00004357",164,16,9,61,78,96,3,1,31,61,68,13,8,30,17,9.75609756097561,5.48780487804878,37.1951219512195,47.5609756097561,58.5365853658537,1.82926829268293,0.609756097560976,18.9024390243902,37.1951219512195,41.4634146341463,7.92682926829268,4.8780487804878,18.2926829268293,10.3658536585366
"E00004358",116,13,13,59,31,71,6,3,39,23,45,7,10,20,8,11.2068965517241,11.2068965517241,50.8620689655172,26.7241379310345,61.2068965517241,5.17241379310345,2.58620689655172,33.6206896551724,19.8275862068966,38.7931034482759,6.03448275862069,8.62068965517241,17.2413793103448,6.89655172413793
"E00004359",150,12,21,58,59,96,5,6,37,48,54,7,15,21,11,8,14,38.6666666666667,39.3333333333333,64,3.33333333333333,4,24.6666666666667,32,36,4.66666666666667,10,14,7.33333333333333
"E00004360",153,9,17,72,55,84,3,4,36,41,69,6,13,36,14,5.88235294117647,11.1111111111111,47.0588235294118,35.9477124183007,54.9019607843137,1.96078431372549,2.61437908496732,23.5294117647059,26.797385620915,45.0980392156863,3.92156862745098,8.49673202614379,23.5294117647059,9.15032679738562
"E00004361",187,25,36,80,46,102,10,15,45,32,85,15,21,35,14,13.3689839572193,19.2513368983957,42.7807486631016,24.5989304812834,54.5454545454545,5.3475935828877,8.02139037433155,24.0641711229947,17.1122994652406,45.4545454545455,8.02139037433155,11.2299465240642,18.716577540107,7.48663101604278
"E00004362",133,14,29,80,10,63,8,6,45,4,70,6,23,35,6,10.5263157894737,21.8045112781955,60.1503759398496,7.5187969924812,47.3684210526316,6.01503759398496,4.51127819548872,33.8345864661654,3.00751879699248,52.6315789473684,4.51127819548872,17.2932330827068,26.3157894736842,4.51127819548872
"E00004363",136,18,38,73,7,69,8,21,34,6,67,10,17,39,1,13.2352941176471,27.9411764705882,53.6764705882353,5.14705882352941,50.7352941176471,5.88235294117647,15.4411764705882,25,4.41176470588235,49.2647058823529,7.35294117647059,12.5,28.6764705882353,0.735294117647059
"E00004364",206,22,48,105,31,115,7,26,61,21,91,15,22,44,10,10.6796116504854,23.3009708737864,50.9708737864078,15.0485436893204,55.8252427184466,3.39805825242718,12.621359223301,29.6116504854369,10.1941747572816,44.1747572815534,7.28155339805825,10.6796116504854,21.3592233009709,4.85436893203883
"E00004365",173,9,18,98,48,87,4,3,50,30,86,5,15,48,18,5.20231213872832,10.4046242774566,56.6473988439306,27.7456647398844,50.2890173410405,2.3121387283237,1.73410404624277,28.9017341040462,17.3410404624277,49.7109826589595,2.89017341040462,8.67052023121387,27.7456647398844,10.4046242774566
"E00004366",97,10,24,54,9,46,4,8,27,7,51,6,16,27,2,10.3092783505155,24.7422680412371,55.6701030927835,9.27835051546392,47.4226804123711,4.12371134020619,8.24742268041237,27.8350515463918,7.21649484536082,52.5773195876289,6.18556701030928,16.4948453608247,27.8350515463918,2.06185567010309
"E00004367",125,4,31,71,19,64,0,10,42,12,61,4,21,29,7,3.2,24.8,56.8,15.2,51.2,0,8,33.6,9.6,48.8,3.2,16.8,23.2,5.6
"E00004368",220,9,20,124,67,117,2,5,63,47,103,7,15,61,20,4.09090909090909,9.09090909090909,56.3636363636364,30.4545454545455,53.1818181818182,0.909090909090909,2.27272727272727,28.6363636363636,21.3636363636364,46.8181818181818,3.18181818181818,6.81818181818182,27.7272727272727,9.09090909090909
"E00004369",99,15,22,54,8,48,6,11,26,5,51,9,11,28,3,15.1515151515152,22.2222222222222,54.5454545454545,8.08080808080808,48.4848484848485,6.06060606060606,11.1111111111111,26.2626262626263,5.05050505050505,51.5151515151515,9.09090909090909,11.1111111111111,28.2828282828283,3.03030303030303
"E00004370",105,10,25,57,13,57,7,8,33,9,48,3,17,24,4,9.52380952380952,23.8095238095238,54.2857142857143,12.3809523809524,54.2857142857143,6.66666666666667,7.61904761904762,31.4285714285714,8.57142857142857,45.7142857142857,2.85714285714286,16.1904761904762,22.8571428571429,3.80952380952381
"E00004371",76,7,19,42,8,40,2,10,22,6,36,5,9,20,2,9.21052631578947,25,55.2631578947368,10.5263157894737,52.6315789473684,2.63157894736842,13.1578947368421,28.9473684210526,7.89473684210526,47.3684210526316,6.57894736842105,11.8421052631579,26.3157894736842,2.63157894736842
"E00004372",140,13,24,79,24,68,4,10,37,17,72,9,14,42,7,9.28571428571429,17.1428571428571,56.4285714285714,17.1428571428571,48.5714285714286,2.85714285714286,7.14285714285714,26.4285714285714,12.1428571428571,51.4285714285714,6.42857142857143,10,30,5
"E00004373",130,12,36,75,7,71,4,15,46,6,59,8,21,29,1,9.23076923076923,27.6923076923077,57.6923076923077,5.38461538461539,54.6153846153846,3.07692307692308,11.5384615384615,35.3846153846154,4.61538461538462,45.3846153846154,6.15384615384615,16.1538461538462,22.3076923076923,0.769230769230769
"E00004374",84,9,20,48,7,38,5,9,19,5,46,4,11,29,2,10.7142857142857,23.8095238095238,57.1428571428571,8.33333333333333,45.2380952380952,5.95238095238095,10.7142857142857,22.6190476190476,5.95238095238095,54.7619047619048,4.76190476190476,13.0952380952381,34.5238095238095,2.38095238095238
"E00004375",139,6,19,72,42,75,1,7,36,31,64,5,12,36,11,4.31654676258993,13.6690647482014,51.7985611510791,30.2158273381295,53.9568345323741,0.719424460431655,5.03597122302158,25.8992805755396,22.3021582733813,46.0431654676259,3.59712230215827,8.63309352517986,25.8992805755396,7.9136690647482
"E00004376",181,17,33,102,29,87,6,14,50,17,94,11,19,52,12,9.39226519337017,18.232044198895,56.353591160221,16.0220994475138,48.0662983425414,3.31491712707182,7.73480662983425,27.6243093922652,9.39226519337017,51.9337016574586,6.07734806629834,10.4972375690608,28.7292817679558,6.62983425414365
"E00004377",61,9,14,33,5,34,4,8,19,3,27,5,6,14,2,14.7540983606557,22.9508196721311,54.0983606557377,8.19672131147541,55.7377049180328,6.55737704918033,13.1147540983607,31.1475409836066,4.91803278688525,44.2622950819672,8.19672131147541,9.83606557377049,22.9508196721311,3.27868852459016
"E00004378",166,6,23,93,44,93,2,8,54,29,73,4,15,39,15,3.6144578313253,13.855421686747,56.0240963855422,26.5060240963855,56.0240963855422,1.20481927710843,4.81927710843374,32.5301204819277,17.4698795180723,43.9759036144578,2.40963855421687,9.03614457831325,23.4939759036145,9.03614457831325
"E00004379",153,7,16,82,48,81,3,6,42,30,72,4,10,40,18,4.57516339869281,10.4575163398693,53.5947712418301,31.3725490196078,52.9411764705882,1.96078431372549,3.92156862745098,27.4509803921569,19.6078431372549,47.0588235294118,2.61437908496732,6.5359477124183,26.1437908496732,11.7647058823529
"E00004380",113,9,19,75,10,63,2,12,42,7,50,7,7,33,3,7.9646017699115,16.8141592920354,66.3716814159292,8.84955752212389,55.7522123893805,1.76991150442478,10.6194690265487,37.1681415929204,6.19469026548673,44.2477876106195,6.19469026548673,6.19469026548673,29.2035398230088,2.65486725663717
"E00004381",185,16,32,101,36,84,4,12,47,21,101,12,20,54,15,8.64864864864865,17.2972972972973,54.5945945945946,19.4594594594595,45.4054054054054,2.16216216216216,6.48648648648649,25.4054054054054,11.3513513513514,54.5945945945946,6.48648648648649,10.8108108108108,29.1891891891892,8.10810810810811
"E00004382",151,14,16,79,42,74,4,3,38,29,77,10,13,41,13,9.27152317880795,10.5960264900662,52.317880794702,27.8145695364238,49.0066225165563,2.64900662251656,1.98675496688742,25.1655629139073,19.205298013245,50.9933774834437,6.62251655629139,8.60927152317881,27.1523178807947,8.60927152317881
"E00004383",130,6,12,75,37,60,3,1,34,22,70,3,11,41,15,4.61538461538462,9.23076923076923,57.6923076923077,28.4615384615385,46.1538461538462,2.30769230769231,0.769230769230769,26.1538461538462,16.9230769230769,53.8461538461538,2.30769230769231,8.46153846153846,31.5384615384615,11.5384615384615
"E00004384",116,7,16,66,27,61,2,4,36,19,55,5,12,30,8,6.03448275862069,13.7931034482759,56.8965517241379,23.2758620689655,52.5862068965517,1.72413793103448,3.44827586206897,31.0344827586207,16.3793103448276,47.4137931034483,4.31034482758621,10.3448275862069,25.8620689655172,6.89655172413793
"E00004385",122,7,17,76,22,61,2,8,35,16,61,5,9,41,6,5.73770491803279,13.9344262295082,62.2950819672131,18.0327868852459,50,1.63934426229508,6.55737704918033,28.6885245901639,13.1147540983607,50,4.0983606557377,7.37704918032787,33.6065573770492,4.91803278688525
"E00004386",132,20,14,58,40,71,7,4,34,26,61,13,10,24,14,15.1515151515152,10.6060606060606,43.9393939393939,30.3030303030303,53.7878787878788,5.3030303030303,3.03030303030303,25.7575757575758,19.6969696969697,46.2121212121212,9.84848484848485,7.57575757575758,18.1818181818182,10.6060606060606
"E00004387",130,15,16,68,31,66,5,5,34,22,64,10,11,34,9,11.5384615384615,12.3076923076923,52.3076923076923,23.8461538461538,50.7692307692308,3.84615384615385,3.84615384615385,26.1538461538462,16.9230769230769,49.2307692307692,7.69230769230769,8.46153846153846,26.1538461538462,6.92307692307692
"E00004388",135,5,18,71,41,78,1,5,42,30,57,4,13,29,11,3.7037037037037,13.3333333333333,52.5925925925926,30.3703703703704,57.7777777777778,0.740740740740741,3.7037037037037,31.1111111111111,22.2222222222222,42.2222222222222,2.96296296296296,9.62962962962963,21.4814814814815,8.14814814814815
"E00004389",161,11,21,88,41,84,0,9,45,30,77,11,12,43,11,6.83229813664596,13.0434782608696,54.6583850931677,25.4658385093168,52.1739130434783,0,5.59006211180124,27.9503105590062,18.6335403726708,47.8260869565217,6.83229813664596,7.45341614906832,26.7080745341615,6.83229813664596
"E00004390",161,12,18,96,35,79,7,3,48,21,82,5,15,48,14,7.45341614906832,11.1801242236025,59.6273291925466,21.7391304347826,49.0683229813665,4.34782608695652,1.86335403726708,29.8136645962733,13.0434782608696,50.9316770186335,3.1055900621118,9.3167701863354,29.8136645962733,8.69565217391304
"E00004391",180,8,39,88,45,88,2,10,46,30,92,6,29,42,15,4.44444444444444,21.6666666666667,48.8888888888889,25,48.8888888888889,1.11111111111111,5.55555555555556,25.5555555555556,16.6666666666667,51.1111111111111,3.33333333333333,16.1111111111111,23.3333333333333,8.33333333333333
"E00004392",114,10,32,47,25,63,6,13,25,19,51,4,19,22,6,8.7719298245614,28.0701754385965,41.2280701754386,21.9298245614035,55.2631578947368,5.26315789473684,11.4035087719298,21.9298245614035,16.6666666666667,44.7368421052632,3.50877192982456,16.6666666666667,19.2982456140351,5.26315789473684
"E00004393",122,5,25,65,27,65,1,6,37,21,57,4,19,28,6,4.0983606557377,20.4918032786885,53.2786885245902,22.1311475409836,53.2786885245902,0.819672131147541,4.91803278688525,30.327868852459,17.2131147540984,46.7213114754098,3.27868852459016,15.5737704918033,22.9508196721311,4.91803278688525
"E00004394",104,3,20,59,22,51,1,6,29,15,53,2,14,30,7,2.88461538461538,19.2307692307692,56.7307692307692,21.1538461538462,49.0384615384615,0.961538461538462,5.76923076923077,27.8846153846154,14.4230769230769,50.9615384615385,1.92307692307692,13.4615384615385,28.8461538461538,6.73076923076923
"E00004395",169,8,16,91,54,93,3,5,49,36,76,5,11,42,18,4.73372781065089,9.46745562130178,53.8461538461538,31.9526627218935,55.0295857988166,1.77514792899408,2.9585798816568,28.9940828402367,21.301775147929,44.9704142011834,2.9585798816568,6.50887573964497,24.8520710059172,10.6508875739645
"E00004396",119,7,21,75,16,65,2,9,43,11,54,5,12,32,5,5.88235294117647,17.6470588235294,63.0252100840336,13.4453781512605,54.6218487394958,1.68067226890756,7.56302521008403,36.1344537815126,9.2436974789916,45.3781512605042,4.20168067226891,10.0840336134454,26.890756302521,4.20168067226891
"E00004397",120,16,22,68,14,62,6,9,37,10,58,10,13,31,4,13.3333333333333,18.3333333333333,56.6666666666667,11.6666666666667,51.6666666666667,5,7.5,30.8333333333333,8.33333333333333,48.3333333333333,8.33333333333333,10.8333333333333,25.8333333333333,3.33333333333333
"E00004398",95,13,15,53,14,45,6,5,25,9,50,7,10,28,5,13.6842105263158,15.7894736842105,55.7894736842105,14.7368421052632,47.3684210526316,6.31578947368421,5.26315789473684,26.3157894736842,9.47368421052632,52.6315789473684,7.36842105263158,10.5263157894737,29.4736842105263,5.26315789473684
"E00004399",120,14,28,61,17,60,4,12,30,14,60,10,16,31,3,11.6666666666667,23.3333333333333,50.8333333333333,14.1666666666667,50,3.33333333333333,10,25,11.6666666666667,50,8.33333333333333,13.3333333333333,25.8333333333333,2.5
"E00004400",113,13,27,58,15,70,5,15,37,13,43,8,12,21,2,11.5044247787611,23.8938053097345,51.3274336283186,13.2743362831858,61.9469026548673,4.42477876106195,13.2743362831858,32.7433628318584,11.5044247787611,38.0530973451327,7.07964601769912,10.6194690265487,18.5840707964602,1.76991150442478
"E00004401",145,16,21,59,49,83,5,8,34,36,62,11,13,25,13,11.0344827586207,14.4827586206897,40.6896551724138,33.7931034482759,57.2413793103448,3.44827586206897,5.51724137931035,23.448275862069,24.8275862068966,42.7586206896552,7.58620689655172,8.96551724137931,17.2413793103448,8.96551724137931
"E00004402",144,9,23,50,62,80,3,10,24,43,64,6,13,26,19,6.25,15.9722222222222,34.7222222222222,43.0555555555556,55.5555555555556,2.08333333333333,6.94444444444444,16.6666666666667,29.8611111111111,44.4444444444444,4.16666666666667,9.02777777777778,18.0555555555556,13.1944444444444
"E00004403",143,21,20,62,40,81,10,7,34,30,62,11,13,28,10,14.6853146853147,13.986013986014,43.3566433566434,27.972027972028,56.6433566433566,6.99300699300699,4.89510489510489,23.7762237762238,20.979020979021,43.3566433566434,7.69230769230769,9.09090909090909,19.5804195804196,6.99300699300699
"E00004404",127,15,17,48,47,72,4,7,25,36,55,11,10,23,11,11.8110236220472,13.3858267716535,37.7952755905512,37.007874015748,56.6929133858268,3.1496062992126,5.51181102362205,19.6850393700787,28.3464566929134,43.3070866141732,8.66141732283465,7.8740157480315,18.1102362204724,8.66141732283465
"E00004405",152,9,16,64,63,94,1,5,39,49,58,8,11,25,14,5.92105263157895,10.5263157894737,42.1052631578947,41.4473684210526,61.8421052631579,0.657894736842105,3.28947368421053,25.6578947368421,32.2368421052632,38.1578947368421,5.26315789473684,7.23684210526316,16.4473684210526,9.21052631578947
"E00004406",131,9,22,51,49,71,4,7,25,35,60,5,15,26,14,6.87022900763359,16.793893129771,38.9312977099237,37.4045801526718,54.1984732824427,3.05343511450382,5.34351145038168,19.0839694656489,26.7175572519084,45.8015267175573,3.81679389312977,11.4503816793893,19.8473282442748,10.6870229007634
"E00004407",153,24,13,70,46,74,5,2,41,26,79,19,11,29,20,15.6862745098039,8.49673202614379,45.7516339869281,30.0653594771242,48.3660130718954,3.26797385620915,1.30718954248366,26.797385620915,16.9934640522876,51.6339869281046,12.4183006535948,7.18954248366013,18.9542483660131,13.0718954248366
"E00004408",130,13,13,54,50,70,2,4,28,36,60,11,9,26,14,10,10,41.5384615384615,38.4615384615385,53.8461538461538,1.53846153846154,3.07692307692308,21.5384615384615,27.6923076923077,46.1538461538462,8.46153846153846,6.92307692307692,20,10.7692307692308
"E00004409",128,12,18,73,25,69,2,7,40,20,59,10,11,33,5,9.375,14.0625,57.03125,19.53125,53.90625,1.5625,5.46875,31.25,15.625,46.09375,7.8125,8.59375,25.78125,3.90625
"E00004410",141,12,21,74,34,75,2,6,45,22,66,10,15,29,12,8.51063829787234,14.8936170212766,52.4822695035461,24.113475177305,53.1914893617021,1.41843971631206,4.25531914893617,31.9148936170213,15.6028368794326,46.8085106382979,7.09219858156028,10.6382978723404,20.5673758865248,8.51063829787234
"E00004411",153,20,27,70,36,78,8,10,36,24,75,12,17,34,12,13.0718954248366,17.6470588235294,45.7516339869281,23.5294117647059,50.9803921568627,5.22875816993464,6.5359477124183,23.5294117647059,15.6862745098039,49.0196078431373,7.84313725490196,11.1111111111111,22.2222222222222,7.84313725490196
"E00004412",170,16,29,71,54,84,4,13,31,36,86,12,16,40,18,9.41176470588235,17.0588235294118,41.7647058823529,31.7647058823529,49.4117647058824,2.35294117647059,7.64705882352941,18.2352941176471,21.1764705882353,50.5882352941176,7.05882352941176,9.41176470588235,23.5294117647059,10.5882352941176
"E00004413",117,11,7,51,48,77,2,3,34,38,40,9,4,17,10,9.4017094017094,5.98290598290598,43.5897435897436,41.025641025641,65.8119658119658,1.70940170940171,2.56410256410256,29.0598290598291,32.4786324786325,34.1880341880342,7.69230769230769,3.41880341880342,14.5299145299145,8.54700854700855
"E00004414",155,21,24,58,52,80,4,11,28,37,75,17,13,30,15,13.5483870967742,15.4838709677419,37.4193548387097,33.5483870967742,51.6129032258064,2.58064516129032,7.09677419354839,18.0645161290323,23.8709677419355,48.3870967741936,10.9677419354839,8.38709677419355,19.3548387096774,9.67741935483871
"E00004415",169,15,20,67,67,95,4,8,33,50,74,11,12,34,17,8.87573964497041,11.8343195266272,39.6449704142012,39.6449704142012,56.2130177514793,2.36686390532544,4.73372781065089,19.5266272189349,29.585798816568,43.7869822485207,6.50887573964497,7.10059171597633,20.1183431952663,10.0591715976331
"E00004416",136,13,20,60,43,65,1,8,26,30,71,12,12,34,13,9.55882352941176,14.7058823529412,44.1176470588235,31.6176470588235,47.7941176470588,0.735294117647059,5.88235294117647,19.1176470588235,22.0588235294118,52.2058823529412,8.82352941176471,8.82352941176471,25,9.55882352941176
"E00004417",161,14,20,71,56,81,2,7,32,40,80,12,13,39,16,8.69565217391304,12.4223602484472,44.0993788819876,34.7826086956522,50.3105590062112,1.24223602484472,4.34782608695652,19.8757763975155,24.8447204968944,49.6894409937888,7.45341614906832,8.07453416149068,24.223602484472,9.93788819875776
"E00004418",151,15,22,75,39,74,1,9,40,24,77,14,13,35,15,9.93377483443709,14.5695364238411,49.6688741721854,25.8278145695364,49.0066225165563,0.662251655629139,5.96026490066225,26.4900662251656,15.8940397350993,50.9933774834437,9.27152317880795,8.60927152317881,23.1788079470199,9.93377483443709
"E00004419",175,11,14,87,63,104,3,11,45,45,71,8,3,42,18,6.28571428571429,8,49.7142857142857,36,59.4285714285714,1.71428571428571,6.28571428571429,25.7142857142857,25.7142857142857,40.5714285714286,4.57142857142857,1.71428571428571,24,10.2857142857143
"E00004420",143,12,15,61,55,94,3,11,36,44,49,9,4,25,11,8.39160839160839,10.4895104895105,42.6573426573427,38.4615384615385,65.7342657342657,2.0979020979021,7.69230769230769,25.1748251748252,30.7692307692308,34.2657342657343,6.29370629370629,2.7972027972028,17.4825174825175,7.69230769230769
"E00004421",167,10,24,70,63,100,1,11,39,49,67,9,13,31,14,5.98802395209581,14.3712574850299,41.9161676646707,37.7245508982036,59.8802395209581,0.598802395209581,6.58682634730539,23.3532934131737,29.3413173652695,40.1197604790419,5.38922155688623,7.78443113772455,18.562874251497,8.38323353293413
"E00004422",108,9,10,48,41,59,4,5,22,28,49,5,5,26,13,8.33333333333333,9.25925925925926,44.4444444444444,37.962962962963,54.6296296296296,3.7037037037037,4.62962962962963,20.3703703703704,25.9259259259259,45.3703703703704,4.62962962962963,4.62962962962963,24.0740740740741,12.037037037037
"E00004423",135,9,15,76,35,68,3,6,36,23,67,6,9,40,12,6.66666666666667,11.1111111111111,56.2962962962963,25.9259259259259,50.3703703703704,2.22222222222222,4.44444444444444,26.6666666666667,17.037037037037,49.6296296296296,4.44444444444444,6.66666666666667,29.6296296296296,8.88888888888889
"E00004424",151,7,17,81,46,82,3,10,40,29,69,4,7,41,17,4.63576158940397,11.2582781456954,53.6423841059603,30.4635761589404,54.3046357615894,1.98675496688742,6.62251655629139,26.4900662251656,19.205298013245,45.6953642384106,2.64900662251656,4.63576158940397,27.1523178807947,11.2582781456954
"E00004425",185,10,30,97,48,98,2,13,46,37,87,8,17,51,11,5.40540540540541,16.2162162162162,52.4324324324324,25.9459459459459,52.972972972973,1.08108108108108,7.02702702702703,24.8648648648649,20,47.027027027027,4.32432432432432,9.18918918918919,27.5675675675676,5.94594594594595
"E00004426",167,14,30,72,51,90,7,14,34,35,77,7,16,38,16,8.38323353293413,17.9640718562874,43.1137724550898,30.5389221556886,53.8922155688623,4.19161676646707,8.38323353293413,20.3592814371257,20.9580838323353,46.1077844311377,4.19161676646707,9.58083832335329,22.7544910179641,9.58083832335329
"E00004427",120,7,9,54,50,70,1,3,28,38,50,6,6,26,12,5.83333333333333,7.5,45,41.6666666666667,58.3333333333333,0.833333333333333,2.5,23.3333333333333,31.6666666666667,41.6666666666667,5,5,21.6666666666667,10
"E00004428",121,11,13,53,44,68,1,6,25,36,53,10,7,28,8,9.09090909090909,10.7438016528926,43.801652892562,36.3636363636364,56.198347107438,0.826446280991736,4.95867768595041,20.6611570247934,29.7520661157025,43.801652892562,8.26446280991736,5.78512396694215,23.1404958677686,6.61157024793388
"E00004429",167,10,24,77,56,90,5,10,36,39,77,5,14,41,17,5.98802395209581,14.3712574850299,46.1077844311377,33.5329341317365,53.8922155688623,2.9940119760479,5.98802395209581,21.5568862275449,23.3532934131737,46.1077844311377,2.9940119760479,8.38323353293413,24.5508982035928,10.1796407185629
"E00004430",51,5,3,24,19,31,1,2,13,15,20,4,1,11,4,9.80392156862745,5.88235294117647,47.0588235294118,37.2549019607843,60.7843137254902,1.96078431372549,3.92156862745098,25.4901960784314,29.4117647058824,39.2156862745098,7.84313725490196,1.96078431372549,21.5686274509804,7.84313725490196
"E00004431",126,12,11,44,59,74,3,3,21,47,52,9,8,23,12,9.52380952380952,8.73015873015873,34.9206349206349,46.8253968253968,58.7301587301587,2.38095238095238,2.38095238095238,16.6666666666667,37.3015873015873,41.2698412698413,7.14285714285714,6.34920634920635,18.2539682539683,9.52380952380952
"E00004432",180,14,16,86,64,94,2,5,43,44,86,12,11,43,20,7.77777777777778,8.88888888888889,47.7777777777778,35.5555555555556,52.2222222222222,1.11111111111111,2.77777777777778,23.8888888888889,24.4444444444444,47.7777777777778,6.66666666666667,6.11111111111111,23.8888888888889,11.1111111111111
"E00004433",168,14,21,74,59,94,5,5,43,41,74,9,16,31,18,8.33333333333333,12.5,44.047619047619,35.1190476190476,55.952380952381,2.97619047619048,2.97619047619048,25.5952380952381,24.4047619047619,44.047619047619,5.35714285714286,9.52380952380952,18.452380952381,10.7142857142857
"E00004435",113,9,11,65,28,54,4,6,29,15,59,5,5,36,13,7.9646017699115,9.73451327433628,57.5221238938053,24.7787610619469,47.787610619469,3.53982300884956,5.30973451327434,25.6637168141593,13.2743362831858,52.212389380531,4.42477876106195,4.42477876106195,31.858407079646,11.5044247787611
"E00004436",181,20,23,70,68,97,6,13,32,46,84,14,10,38,22,11.0497237569061,12.707182320442,38.6740331491713,37.5690607734807,53.5911602209945,3.31491712707182,7.18232044198895,17.6795580110497,25.414364640884,46.4088397790055,7.73480662983425,5.52486187845304,20.9944751381215,12.1546961325967
"E00004437",143,10,21,50,62,81,1,11,29,40,62,9,10,21,22,6.99300699300699,14.6853146853147,34.965034965035,43.3566433566434,56.6433566433566,0.699300699300699,7.69230769230769,20.2797202797203,27.972027972028,43.3566433566434,6.29370629370629,6.99300699300699,14.6853146853147,15.3846153846154
"E00004438",130,9,10,67,44,68,2,7,33,26,62,7,3,34,18,6.92307692307692,7.69230769230769,51.5384615384615,33.8461538461538,52.3076923076923,1.53846153846154,5.38461538461539,25.3846153846154,20,47.6923076923077,5.38461538461539,2.30769230769231,26.1538461538462,13.8461538461538
"E00004439",123,11,11,44,57,66,1,5,18,42,57,10,6,26,15,8.94308943089431,8.94308943089431,35.7723577235772,46.3414634146341,53.6585365853659,0.813008130081301,4.0650406504065,14.6341463414634,34.1463414634146,46.3414634146341,8.13008130081301,4.8780487804878,21.1382113821138,12.1951219512195
"E00004440",130,13,15,57,45,75,5,8,30,32,55,8,7,27,13,10,11.5384615384615,43.8461538461538,34.6153846153846,57.6923076923077,3.84615384615385,6.15384615384615,23.0769230769231,24.6153846153846,42.3076923076923,6.15384615384615,5.38461538461539,20.7692307692308,10
"E00004441",159,15,15,83,46,79,6,5,37,31,80,9,10,46,15,9.43396226415094,9.43396226415094,52.2012578616352,28.9308176100629,49.685534591195,3.77358490566038,3.14465408805031,23.2704402515723,19.4968553459119,50.314465408805,5.66037735849057,6.28930817610063,28.9308176100629,9.43396226415094
"E00004442",79,9,16,47,7,35,7,8,16,4,44,2,8,31,3,11.3924050632911,20.253164556962,59.4936708860759,8.86075949367089,44.3037974683544,8.86075949367089,10.126582278481,20.253164556962,5.06329113924051,55.6962025316456,2.53164556962025,10.126582278481,39.2405063291139,3.79746835443038
"E00004444",158,6,39,97,16,83,2,22,50,9,75,4,17,47,7,3.79746835443038,24.6835443037975,61.3924050632911,10.126582278481,52.5316455696203,1.26582278481013,13.9240506329114,31.6455696202532,5.69620253164557,47.4683544303797,2.53164556962025,10.7594936708861,29.746835443038,4.43037974683544
"E00004445",125,12,12,77,24,68,8,1,44,15,57,4,11,33,9,9.6,9.6,61.6,19.2,54.4,6.4,0.8,35.2,12,45.6,3.2,8.8,26.4,7.2
"E00004446",133,11,24,82,16,71,4,11,46,10,62,7,13,36,6,8.27067669172932,18.0451127819549,61.6541353383459,12.0300751879699,53.3834586466165,3.00751879699248,8.27067669172932,34.5864661654135,7.5187969924812,46.6165413533835,5.26315789473684,9.77443609022556,27.0676691729323,4.51127819548872
"E00004447",36,3,4,21,8,21,3,1,11,6,15,0,3,10,2,8.33333333333333,11.1111111111111,58.3333333333333,22.2222222222222,58.3333333333333,8.33333333333333,2.77777777777778,30.5555555555556,16.6666666666667,41.6666666666667,0,8.33333333333333,27.7777777777778,5.55555555555556
"E00004448",157,6,29,93,29,77,1,11,49,16,80,5,18,44,13,3.82165605095541,18.4713375796178,59.2356687898089,18.4713375796178,49.0445859872611,0.636942675159236,7.00636942675159,31.2101910828025,10.1910828025478,50.9554140127389,3.18471337579618,11.4649681528662,28.0254777070064,8.28025477707006
"E00004450",197,17,17,135,28,109,9,9,73,18,88,8,8,62,10,8.62944162436548,8.62944162436548,68.5279187817259,14.2131979695431,55.3299492385787,4.56852791878173,4.56852791878173,37.0558375634518,9.13705583756345,44.6700507614213,4.06091370558376,4.06091370558376,31.4720812182741,5.0761421319797
"E00004451",128,10,21,70,27,68,4,11,36,17,60,6,10,34,10,7.8125,16.40625,54.6875,21.09375,53.125,3.125,8.59375,28.125,13.28125,46.875,4.6875,7.8125,26.5625,7.8125
"E00004452",165,19,23,76,47,80,4,7,42,27,85,15,16,34,20,11.5151515151515,13.9393939393939,46.0606060606061,28.4848484848485,48.4848484848485,2.42424242424242,4.24242424242424,25.4545454545455,16.3636363636364,51.5151515151515,9.09090909090909,9.6969696969697,20.6060606060606,12.1212121212121
"E00004453",156,12,31,88,25,84,5,15,44,20,72,7,16,44,5,7.69230769230769,19.8717948717949,56.4102564102564,16.025641025641,53.8461538461538,3.2051282051282,9.61538461538462,28.2051282051282,12.8205128205128,46.1538461538462,4.48717948717949,10.2564102564103,28.2051282051282,3.2051282051282
"E00004454",164,12,38,100,14,77,2,16,48,11,87,10,22,52,3,7.31707317073171,23.1707317073171,60.9756097560976,8.53658536585366,46.9512195121951,1.21951219512195,9.75609756097561,29.2682926829268,6.70731707317073,53.0487804878049,6.09756097560976,13.4146341463415,31.7073170731707,1.82926829268293
"E00004455",97,20,27,43,7,53,8,14,26,5,44,12,13,17,2,20.6185567010309,27.8350515463918,44.3298969072165,7.21649484536082,54.639175257732,8.24742268041237,14.4329896907216,26.8041237113402,5.15463917525773,45.360824742268,12.3711340206186,13.4020618556701,17.5257731958763,2.06185567010309
"E00004456",108,15,29,52,12,51,7,13,25,6,57,8,16,27,6,13.8888888888889,26.8518518518519,48.1481481481481,11.1111111111111,47.2222222222222,6.48148148148148,12.037037037037,23.1481481481481,5.55555555555556,52.7777777777778,7.40740740740741,14.8148148148148,25,5.55555555555556
"E00004457",152,11,11,83,47,78,2,3,37,36,74,9,8,46,11,7.23684210526316,7.23684210526316,54.6052631578947,30.9210526315789,51.3157894736842,1.31578947368421,1.97368421052632,24.3421052631579,23.6842105263158,48.6842105263158,5.92105263157895,5.26315789473684,30.2631578947368,7.23684210526316
"E00004458",230,19,27,134,50,108,8,12,58,30,122,11,15,76,20,8.26086956521739,11.7391304347826,58.2608695652174,21.7391304347826,46.9565217391304,3.47826086956522,5.21739130434783,25.2173913043478,13.0434782608696,53.0434782608696,4.78260869565217,6.52173913043478,33.0434782608696,8.69565217391304
"E00004459",95,10,22,53,10,47,3,10,29,5,48,7,12,24,5,10.5263157894737,23.1578947368421,55.7894736842105,10.5263157894737,49.4736842105263,3.15789473684211,10.5263157894737,30.5263157894737,5.26315789473684,50.5263157894737,7.36842105263158,12.6315789473684,25.2631578947368,5.26315789473684
"E00004460",81,8,17,44,12,38,5,5,19,9,43,3,12,25,3,9.87654320987654,20.9876543209877,54.320987654321,14.8148148148148,46.9135802469136,6.17283950617284,6.17283950617284,23.4567901234568,11.1111111111111,53.0864197530864,3.7037037037037,14.8148148148148,30.8641975308642,3.7037037037037
"E00004461",136,15,37,71,13,64,4,14,36,10,72,11,23,35,3,11.0294117647059,27.2058823529412,52.2058823529412,9.55882352941176,47.0588235294118,2.94117647058824,10.2941176470588,26.4705882352941,7.35294117647059,52.9411764705882,8.08823529411765,16.9117647058824,25.7352941176471,2.20588235294118
"E00004462",145,16,18,68,43,68,6,8,30,24,77,10,10,38,19,11.0344827586207,12.4137931034483,46.8965517241379,29.6551724137931,46.8965517241379,4.13793103448276,5.51724137931035,20.6896551724138,16.551724137931,53.1034482758621,6.89655172413793,6.89655172413793,26.2068965517241,13.1034482758621
"E00004463",105,16,26,53,10,55,5,12,31,7,50,11,14,22,3,15.2380952380952,24.7619047619048,50.4761904761905,9.52380952380952,52.3809523809524,4.76190476190476,11.4285714285714,29.5238095238095,6.66666666666667,47.6190476190476,10.4761904761905,13.3333333333333,20.952380952381,2.85714285714286
"E00004464",5,2,0,2,1,3,2,0,0,1,2,0,0,2,0,40,0,40,20,60,40,0,0,20,40,0,0,40,0
"E00004465",165,13,21,108,23,77,6,3,56,12,88,7,18,52,11,7.87878787878788,12.7272727272727,65.4545454545455,13.9393939393939,46.6666666666667,3.63636363636364,1.81818181818182,33.9393939393939,7.27272727272727,53.3333333333333,4.24242424242424,10.9090909090909,31.5151515151515,6.66666666666667
"E00004466",159,8,11,84,56,68,2,2,29,35,91,6,9,55,21,5.0314465408805,6.91823899371069,52.8301886792453,35.2201257861635,42.7672955974843,1.25786163522013,1.25786163522013,18.2389937106918,22.0125786163522,57.2327044025157,3.77358490566038,5.66037735849057,34.5911949685535,13.2075471698113
"E00004467",121,14,26,64,17,62,5,12,32,13,59,9,14,32,4,11.5702479338843,21.4876033057851,52.8925619834711,14.0495867768595,51.2396694214876,4.13223140495868,9.91735537190083,26.4462809917355,10.7438016528926,48.7603305785124,7.43801652892562,11.5702479338843,26.4462809917355,3.30578512396694
"E00004468",163,14,37,97,15,78,4,19,45,10,85,10,18,52,5,8.58895705521472,22.6993865030675,59.5092024539877,9.20245398773006,47.8527607361963,2.45398773006135,11.6564417177914,27.6073619631902,6.13496932515337,52.1472392638037,6.13496932515337,11.0429447852761,31.9018404907975,3.06748466257669
"E00004469",150,5,15,76,54,72,2,4,27,39,78,3,11,49,15,3.33333333333333,10,50.6666666666667,36,48,1.33333333333333,2.66666666666667,18,26,52,2,7.33333333333333,32.6666666666667,10
"E00004470",160,13,27,85,35,79,8,8,36,27,81,5,19,49,8,8.125,16.875,53.125,21.875,49.375,5,5,22.5,16.875,50.625,3.125,11.875,30.625,5
"E00004471",159,7,8,85,59,81,3,2,37,39,78,4,6,48,20,4.40251572327044,5.0314465408805,53.4591194968553,37.1069182389937,50.9433962264151,1.88679245283019,1.25786163522013,23.2704402515723,24.5283018867925,49.0566037735849,2.51572327044025,3.77358490566038,30.188679245283,12.5786163522013
"E00004472",189,21,33,105,30,93,7,15,58,13,96,14,18,47,17,11.1111111111111,17.4603174603175,55.5555555555556,15.8730158730159,49.2063492063492,3.7037037037037,7.93650793650794,30.6878306878307,6.87830687830688,50.7936507936508,7.40740740740741,9.52380952380952,24.8677248677249,8.99470899470899
"E00004473",130,4,14,70,42,64,1,4,32,27,66,3,10,38,15,3.07692307692308,10.7692307692308,53.8461538461538,32.3076923076923,49.2307692307692,0.769230769230769,3.07692307692308,24.6153846153846,20.7692307692308,50.7692307692308,2.30769230769231,7.69230769230769,29.2307692307692,11.5384615384615
"E00004474",221,13,29,117,62,113,4,13,54,42,108,9,16,63,20,5.88235294117647,13.1221719457014,52.9411764705882,28.0542986425339,51.131221719457,1.80995475113122,5.88235294117647,24.4343891402715,19.0045248868778,48.868778280543,4.07239819004525,7.23981900452489,28.5067873303167,9.04977375565611
"E00004475",125,14,28,66,17,59,4,9,34,12,66,10,19,32,5,11.2,22.4,52.8,13.6,47.2,3.2,7.2,27.2,9.6,52.8,8,15.2,25.6,4
"E00004476",116,12,33,61,10,65,5,23,27,10,51,7,10,34,0,10.3448275862069,28.448275862069,52.5862068965517,8.62068965517241,56.0344827586207,4.31034482758621,19.8275862068966,23.2758620689655,8.62068965517241,43.9655172413793,6.03448275862069,8.62068965517241,29.3103448275862,0
"E00004477",186,21,15,100,50,88,7,6,45,30,98,14,9,55,20,11.2903225806452,8.06451612903226,53.763440860215,26.8817204301075,47.3118279569892,3.76344086021505,3.2258064516129,24.1935483870968,16.1290322580645,52.6881720430108,7.52688172043011,4.83870967741935,29.5698924731183,10.752688172043
"E00004478",268,17,44,145,62,139,7,18,70,44,129,10,26,75,18,6.34328358208955,16.4179104477612,54.1044776119403,23.134328358209,51.865671641791,2.61194029850746,6.71641791044776,26.1194029850746,16.4179104477612,48.134328358209,3.73134328358209,9.70149253731343,27.9850746268657,6.71641791044776
"E00004479",161,14,23,93,31,81,5,12,45,19,80,9,11,48,12,8.69565217391304,14.2857142857143,57.7639751552795,19.2546583850932,50.3105590062112,3.1055900621118,7.45341614906832,27.9503105590062,11.8012422360248,49.6894409937888,5.59006211180124,6.83229813664596,29.8136645962733,7.45341614906832
"E00004480",128,9,23,70,26,74,5,13,38,18,54,4,10,32,8,7.03125,17.96875,54.6875,20.3125,57.8125,3.90625,10.15625,29.6875,14.0625,42.1875,3.125,7.8125,25,6.25
"E00004481",123,12,30,63,18,53,7,6,30,10,70,5,24,33,8,9.75609756097561,24.390243902439,51.219512195122,14.6341463414634,43.0894308943089,5.69105691056911,4.8780487804878,24.390243902439,8.13008130081301,56.9105691056911,4.0650406504065,19.5121951219512,26.8292682926829,6.50406504065041
"E00004482",162,13,26,82,41,80,4,7,43,26,82,9,19,39,15,8.02469135802469,16.0493827160494,50.6172839506173,25.3086419753086,49.3827160493827,2.46913580246914,4.32098765432099,26.5432098765432,16.0493827160494,50.6172839506173,5.55555555555556,11.7283950617284,24.0740740740741,9.25925925925926
"E00004483",161,11,18,96,36,83,5,8,45,25,78,6,10,51,11,6.83229813664596,11.1801242236025,59.6273291925466,22.360248447205,51.5527950310559,3.1055900621118,4.96894409937888,27.9503105590062,15.527950310559,48.4472049689441,3.72670807453416,6.2111801242236,31.6770186335404,6.83229813664596
"E00004484",159,9,32,88,30,81,4,10,51,16,78,5,22,37,14,5.66037735849057,20.125786163522,55.3459119496855,18.8679245283019,50.9433962264151,2.51572327044025,6.28930817610063,32.0754716981132,10.062893081761,49.0566037735849,3.14465408805031,13.8364779874214,23.2704402515723,8.80503144654088
"E00004485",153,11,25,100,17,71,2,5,57,7,82,9,20,43,10,7.18954248366013,16.3398692810458,65.359477124183,11.1111111111111,46.4052287581699,1.30718954248366,3.26797385620915,37.2549019607843,4.57516339869281,53.5947712418301,5.88235294117647,13.0718954248366,28.1045751633987,6.5359477124183
"E00004486",135,9,24,76,26,63,4,8,34,17,72,5,16,42,9,6.66666666666667,17.7777777777778,56.2962962962963,19.2592592592593,46.6666666666667,2.96296296296296,5.92592592592593,25.1851851851852,12.5925925925926,53.3333333333333,3.7037037037037,11.8518518518519,31.1111111111111,6.66666666666667
"E00004487",127,11,20,85,11,59,2,10,41,6,68,9,10,44,5,8.66141732283465,15.748031496063,66.9291338582677,8.66141732283465,46.4566929133858,1.5748031496063,7.8740157480315,32.2834645669291,4.7244094488189,53.5433070866142,7.08661417322835,7.8740157480315,34.6456692913386,3.93700787401575
"E00004488",75,5,21,40,9,37,1,9,20,7,38,4,12,20,2,6.66666666666667,28,53.3333333333333,12,49.3333333333333,1.33333333333333,12,26.6666666666667,9.33333333333333,50.6666666666667,5.33333333333333,16,26.6666666666667,2.66666666666667
"E00004489",147,14,30,89,14,61,3,6,42,10,86,11,24,47,4,9.52380952380952,20.4081632653061,60.5442176870748,9.52380952380952,41.4965986394558,2.04081632653061,4.08163265306122,28.5714285714286,6.80272108843537,58.5034013605442,7.48299319727891,16.3265306122449,31.9727891156463,2.72108843537415
"E00004490",96,10,16,55,15,47,3,8,24,12,49,7,8,31,3,10.4166666666667,16.6666666666667,57.2916666666667,15.625,48.9583333333333,3.125,8.33333333333333,25,12.5,51.0416666666667,7.29166666666667,8.33333333333333,32.2916666666667,3.125
"E00004491",123,8,18,83,14,52,1,1,41,9,71,7,17,42,5,6.50406504065041,14.6341463414634,67.479674796748,11.3821138211382,42.2764227642276,0.813008130081301,0.813008130081301,33.3333333333333,7.31707317073171,57.7235772357724,5.69105691056911,13.8211382113821,34.1463414634146,4.0650406504065
"E00004492",172,27,25,68,52,104,11,8,39,46,68,16,17,29,6,15.6976744186047,14.5348837209302,39.5348837209302,30.2325581395349,60.4651162790698,6.3953488372093,4.65116279069767,22.6744186046512,26.7441860465116,39.5348837209302,9.30232558139535,9.88372093023256,16.8604651162791,3.48837209302326
"E00004493",103,7,19,65,12,53,1,6,38,8,50,6,13,27,4,6.79611650485437,18.4466019417476,63.1067961165049,11.6504854368932,51.4563106796116,0.970873786407767,5.8252427184466,36.8932038834951,7.76699029126214,48.5436893203884,5.8252427184466,12.621359223301,26.2135922330097,3.88349514563107
"E00004494",245,14,33,136,62,127,2,15,71,39,118,12,18,65,23,5.71428571428571,13.469387755102,55.5102040816327,25.3061224489796,51.8367346938776,0.816326530612245,6.12244897959184,28.9795918367347,15.9183673469388,48.1632653061224,4.89795918367347,7.34693877551021,26.530612244898,9.38775510204082
"E00004495",138,15,25,63,35,75,6,10,33,26,63,9,15,30,9,10.8695652173913,18.1159420289855,45.6521739130435,25.3623188405797,54.3478260869565,4.34782608695652,7.2463768115942,23.9130434782609,18.8405797101449,45.6521739130435,6.52173913043478,10.8695652173913,21.7391304347826,6.52173913043478
"E00004496",186,21,20,97,48,97,6,6,54,31,89,15,14,43,17,11.2903225806452,10.752688172043,52.1505376344086,25.8064516129032,52.1505376344086,3.2258064516129,3.2258064516129,29.0322580645161,16.6666666666667,47.8494623655914,8.06451612903226,7.52688172043011,23.1182795698925,9.13978494623656
"E00004497",108,6,23,62,17,49,1,10,27,11,59,5,13,35,6,5.55555555555556,21.2962962962963,57.4074074074074,15.7407407407407,45.3703703703704,0.925925925925926,9.25925925925926,25,10.1851851851852,54.6296296296296,4.62962962962963,12.037037037037,32.4074074074074,5.55555555555556
"E00004498",142,16,25,73,28,65,4,8,29,24,77,12,17,44,4,11.2676056338028,17.6056338028169,51.4084507042254,19.7183098591549,45.7746478873239,2.8169014084507,5.63380281690141,20.4225352112676,16.9014084507042,54.2253521126761,8.45070422535211,11.9718309859155,30.9859154929577,2.8169014084507
"E00004499",197,27,33,82,55,107,7,11,47,42,90,20,22,35,13,13.7055837563452,16.751269035533,41.6243654822335,27.9187817258883,54.3147208121827,3.55329949238579,5.58375634517767,23.8578680203046,21.3197969543147,45.6852791878173,10.1522842639594,11.1675126903553,17.7664974619289,6.5989847715736
"E00004500",110,7,21,67,15,37,2,3,24,8,73,5,18,43,7,6.36363636363636,19.0909090909091,60.9090909090909,13.6363636363636,33.6363636363636,1.81818181818182,2.72727272727273,21.8181818181818,7.27272727272727,66.3636363636364,4.54545454545455,16.3636363636364,39.0909090909091,6.36363636363636
"E00004501",70,9,9,40,12,27,3,1,17,6,43,6,8,23,6,12.8571428571429,12.8571428571429,57.1428571428571,17.1428571428571,38.5714285714286,4.28571428571429,1.42857142857143,24.2857142857143,8.57142857142857,61.4285714285714,8.57142857142857,11.4285714285714,32.8571428571429,8.57142857142857
"E00004502",99,3,23,63,10,49,2,8,34,5,50,1,15,29,5,3.03030303030303,23.2323232323232,63.6363636363636,10.1010101010101,49.4949494949495,2.02020202020202,8.08080808080808,34.3434343434343,5.05050505050505,50.5050505050505,1.01010101010101,15.1515151515152,29.2929292929293,5.05050505050505
"E00004503",90,13,22,47,8,38,5,6,22,5,52,8,16,25,3,14.4444444444444,24.4444444444444,52.2222222222222,8.88888888888889,42.2222222222222,5.55555555555556,6.66666666666667,24.4444444444444,5.55555555555556,57.7777777777778,8.88888888888889,17.7777777777778,27.7777777777778,3.33333333333333
"E00004504",177,24,31,76,46,97,9,12,43,33,80,15,19,33,13,13.5593220338983,17.5141242937853,42.9378531073446,25.9887005649718,54.8022598870056,5.08474576271187,6.77966101694915,24.2937853107345,18.6440677966102,45.1977401129944,8.47457627118644,10.7344632768362,18.6440677966102,7.34463276836158
"E00004505",128,13,25,76,14,69,3,11,45,10,59,10,14,31,4,10.15625,19.53125,59.375,10.9375,53.90625,2.34375,8.59375,35.15625,7.8125,46.09375,7.8125,10.9375,24.21875,3.125
"E00004506",137,15,28,74,20,71,5,9,45,12,66,10,19,29,8,10.9489051094891,20.4379562043796,54.014598540146,14.5985401459854,51.8248175182482,3.64963503649635,6.56934306569343,32.8467153284672,8.75912408759124,48.1751824817518,7.2992700729927,13.8686131386861,21.1678832116788,5.83941605839416
"E00004507",125,25,24,41,35,57,8,5,18,26,68,17,19,23,9,20,19.2,32.8,28,45.6,6.4,4,14.4,20.8,54.4,13.6,15.2,18.4,7.2
"E00004508",156,18,30,78,30,76,6,11,41,18,80,12,19,37,12,11.5384615384615,19.2307692307692,50,19.2307692307692,48.7179487179487,3.84615384615385,7.05128205128205,26.2820512820513,11.5384615384615,51.2820512820513,7.69230769230769,12.1794871794872,23.7179487179487,7.69230769230769
"E00004509",145,16,34,78,17,62,5,7,36,14,83,11,27,42,3,11.0344827586207,23.448275862069,53.7931034482759,11.7241379310345,42.7586206896552,3.44827586206897,4.82758620689655,24.8275862068966,9.6551724137931,57.2413793103448,7.58620689655172,18.6206896551724,28.9655172413793,2.06896551724138
"E00004510",174,18,13,111,32,87,6,3,55,23,87,12,10,56,9,10.3448275862069,7.47126436781609,63.7931034482759,18.3908045977011,50,3.44827586206897,1.72413793103448,31.6091954022989,13.2183908045977,50,6.89655172413793,5.74712643678161,32.183908045977,5.17241379310345
"E00004511",184,16,21,101,46,101,3,6,59,33,83,13,15,42,13,8.69565217391304,11.4130434782609,54.8913043478261,25,54.8913043478261,1.6304347826087,3.26086956521739,32.0652173913043,17.9347826086957,45.1086956521739,7.06521739130435,8.15217391304348,22.8260869565217,7.06521739130435
"E00004512",130,7,23,75,25,65,0,8,39,18,65,7,15,36,7,5.38461538461539,17.6923076923077,57.6923076923077,19.2307692307692,50,0,6.15384615384615,30,13.8461538461538,50,5.38461538461539,11.5384615384615,27.6923076923077,5.38461538461539
"E00004513",136,14,25,66,31,64,2,8,32,22,72,12,17,34,9,10.2941176470588,18.3823529411765,48.5294117647059,22.7941176470588,47.0588235294118,1.47058823529412,5.88235294117647,23.5294117647059,16.1764705882353,52.9411764705882,8.82352941176471,12.5,25,6.61764705882353
"E00004514",158,15,24,82,37,88,6,8,46,28,70,9,16,36,9,9.49367088607595,15.1898734177215,51.8987341772152,23.4177215189873,55.6962025316456,3.79746835443038,5.06329113924051,29.1139240506329,17.7215189873418,44.3037974683544,5.69620253164557,10.126582278481,22.7848101265823,5.69620253164557
"E00004515",152,11,21,87,33,81,7,10,42,22,71,4,11,45,11,7.23684210526316,13.8157894736842,57.2368421052632,21.7105263157895,53.2894736842105,4.60526315789474,6.57894736842105,27.6315789473684,14.4736842105263,46.7105263157895,2.63157894736842,7.23684210526316,29.6052631578947,7.23684210526316
"E00004516",202,20,28,105,49,100,7,8,51,34,102,13,20,54,15,9.9009900990099,13.8613861386139,51.980198019802,24.2574257425743,49.5049504950495,3.46534653465347,3.96039603960396,25.2475247524752,16.8316831683168,50.4950495049505,6.43564356435644,9.9009900990099,26.7326732673267,7.42574257425743
"E00004517",129,15,16,73,25,70,4,8,41,17,59,11,8,32,8,11.6279069767442,12.4031007751938,56.5891472868217,19.3798449612403,54.2635658914729,3.10077519379845,6.2015503875969,31.7829457364341,13.1782945736434,45.7364341085271,8.52713178294574,6.2015503875969,24.8062015503876,6.2015503875969
"E00004518",104,8,23,57,16,45,1,6,28,10,59,7,17,29,6,7.69230769230769,22.1153846153846,54.8076923076923,15.3846153846154,43.2692307692308,0.961538461538462,5.76923076923077,26.9230769230769,9.61538461538462,56.7307692307692,6.73076923076923,16.3461538461538,27.8846153846154,5.76923076923077
"E00004519",135,13,21,73,28,64,3,7,34,20,71,10,14,39,8,9.62962962962963,15.5555555555556,54.0740740740741,20.7407407407407,47.4074074074074,2.22222222222222,5.18518518518519,25.1851851851852,14.8148148148148,52.5925925925926,7.40740740740741,10.3703703703704,28.8888888888889,5.92592592592593
"E00004520",108,12,15,68,13,58,6,8,38,6,50,6,7,30,7,11.1111111111111,13.8888888888889,62.962962962963,12.037037037037,53.7037037037037,5.55555555555556,7.40740740740741,35.1851851851852,5.55555555555556,46.2962962962963,5.55555555555556,6.48148148148148,27.7777777777778,6.48148148148148
"E00004521",184,20,24,90,50,98,6,11,51,30,86,14,13,39,20,10.8695652173913,13.0434782608696,48.9130434782609,27.1739130434783,53.2608695652174,3.26086956521739,5.97826086956522,27.7173913043478,16.304347826087,46.7391304347826,7.60869565217391,7.06521739130435,21.195652173913,10.8695652173913
"E00004522",128,7,7,82,32,76,2,4,46,24,52,5,3,36,8,5.46875,5.46875,64.0625,25,59.375,1.5625,3.125,35.9375,18.75,40.625,3.90625,2.34375,28.125,6.25
"E00004523",331,34,67,158,72,189,8,47,83,51,142,26,20,75,21,10.2719033232628,20.2416918429003,47.7341389728097,21.7522658610272,57.0996978851964,2.41691842900302,14.1993957703927,25.0755287009063,15.4078549848943,42.9003021148036,7.85498489425982,6.04229607250755,22.6586102719033,6.34441087613293
"E00004524",208,10,13,101,84,128,3,7,62,56,80,7,6,39,28,4.80769230769231,6.25,48.5576923076923,40.3846153846154,61.5384615384615,1.44230769230769,3.36538461538462,29.8076923076923,26.9230769230769,38.4615384615385,3.36538461538462,2.88461538461538,18.75,13.4615384615385
"E00004525",128,10,15,71,32,79,4,10,42,23,49,6,5,29,9,7.8125,11.71875,55.46875,25,61.71875,3.125,7.8125,32.8125,17.96875,38.28125,4.6875,3.90625,22.65625,7.03125
"E00004526",133,39,27,52,15,71,14,15,28,14,62,25,12,24,1,29.3233082706767,20.3007518796992,39.0977443609023,11.2781954887218,53.3834586466165,10.5263157894737,11.2781954887218,21.0526315789474,10.5263157894737,46.6165413533835,18.796992481203,9.02255639097744,18.0451127819549,0.75187969924812
"E00004527",93,8,11,51,23,65,2,6,36,21,28,6,5,15,2,8.60215053763441,11.8279569892473,54.8387096774194,24.7311827956989,69.8924731182796,2.1505376344086,6.45161290322581,38.7096774193548,22.5806451612903,30.1075268817204,6.45161290322581,5.37634408602151,16.1290322580645,2.1505376344086
"E00004528",201,17,41,103,40,131,3,30,69,29,70,14,11,34,11,8.45771144278607,20.3980099502488,51.2437810945274,19.9004975124378,65.1741293532338,1.49253731343284,14.9253731343284,34.3283582089552,14.4278606965174,34.8258706467662,6.96517412935323,5.4726368159204,16.9154228855721,5.4726368159204
"E00004529",289,34,37,132,86,183,11,28,83,61,106,23,9,49,25,11.7647058823529,12.80276816609,45.6747404844291,29.757785467128,63.3217993079585,3.80622837370242,9.68858131487889,28.719723183391,21.1072664359862,36.6782006920415,7.95847750865052,3.11418685121107,16.9550173010381,8.65051903114187
"E00004530",127,10,16,70,31,91,5,12,49,25,36,5,4,21,6,7.8740157480315,12.5984251968504,55.1181102362205,24.4094488188976,71.6535433070866,3.93700787401575,9.44881889763779,38.5826771653543,19.6850393700787,28.3464566929134,3.93700787401575,3.1496062992126,16.5354330708661,4.7244094488189
"E00004531",150,10,27,84,29,83,2,14,50,17,67,8,13,34,12,6.66666666666667,18,56,19.3333333333333,55.3333333333333,1.33333333333333,9.33333333333333,33.3333333333333,11.3333333333333,44.6666666666667,5.33333333333333,8.66666666666667,22.6666666666667,8
"E00004532",206,6,20,121,59,120,0,9,72,39,86,6,11,49,20,2.9126213592233,9.70873786407767,58.7378640776699,28.6407766990291,58.252427184466,0,4.36893203883495,34.9514563106796,18.9320388349515,41.747572815534,2.9126213592233,5.33980582524272,23.7864077669903,9.70873786407767
"E00004534",90,7,21,53,9,37,2,8,21,6,53,5,13,32,3,7.77777777777778,23.3333333333333,58.8888888888889,10,41.1111111111111,2.22222222222222,8.88888888888889,23.3333333333333,6.66666666666667,58.8888888888889,5.55555555555556,14.4444444444444,35.5555555555556,3.33333333333333
"E00004535",121,9,11,58,43,82,3,7,38,34,39,6,4,20,9,7.43801652892562,9.09090909090909,47.9338842975207,35.5371900826446,67.7685950413223,2.47933884297521,5.78512396694215,31.404958677686,28.099173553719,32.2314049586777,4.95867768595041,3.30578512396694,16.5289256198347,7.43801652892562
"E00004536",169,2,13,77,77,115,1,10,46,58,54,1,3,31,19,1.18343195266272,7.69230769230769,45.5621301775148,45.5621301775148,68.0473372781065,0.591715976331361,5.91715976331361,27.2189349112426,34.3195266272189,31.9526627218935,0.591715976331361,1.77514792899408,18.3431952662722,11.2426035502959
"E00004537",91,3,12,52,24,47,2,6,28,11,44,1,6,24,13,3.2967032967033,13.1868131868132,57.1428571428571,26.3736263736264,51.6483516483517,2.1978021978022,6.59340659340659,30.7692307692308,12.0879120879121,48.3516483516484,1.0989010989011,6.59340659340659,26.3736263736264,14.2857142857143
"E00004538",65,7,12,36,10,32,2,6,15,9,33,5,6,21,1,10.7692307692308,18.4615384615385,55.3846153846154,15.3846153846154,49.2307692307692,3.07692307692308,9.23076923076923,23.0769230769231,13.8461538461538,50.7692307692308,7.69230769230769,9.23076923076923,32.3076923076923,1.53846153846154
"E00004539",76,4,9,45,18,40,4,4,19,13,36,0,5,26,5,5.26315789473684,11.8421052631579,59.2105263157895,23.6842105263158,52.6315789473684,5.26315789473684,5.26315789473684,25,17.1052631578947,47.3684210526316,0,6.57894736842105,34.2105263157895,6.57894736842105
"E00004540",138,24,27,65,22,73,7,13,37,16,65,17,14,28,6,17.3913043478261,19.5652173913043,47.1014492753623,15.9420289855072,52.8985507246377,5.07246376811594,9.42028985507246,26.8115942028986,11.5942028985507,47.1014492753623,12.3188405797101,10.1449275362319,20.2898550724638,4.34782608695652
"E00004541",93,10,16,59,8,63,5,10,43,5,30,5,6,16,3,10.752688172043,17.2043010752688,63.4408602150538,8.60215053763441,67.741935483871,5.37634408602151,10.752688172043,46.2365591397849,5.37634408602151,32.258064516129,5.37634408602151,6.45161290322581,17.2043010752688,3.2258064516129
"E00004542",185,14,26,100,45,112,6,10,66,30,73,8,16,34,15,7.56756756756757,14.0540540540541,54.0540540540541,24.3243243243243,60.5405405405405,3.24324324324324,5.40540540540541,35.6756756756757,16.2162162162162,39.4594594594595,4.32432432432432,8.64864864864865,18.3783783783784,8.10810810810811
"E00004543",154,6,13,85,50,89,4,9,47,29,65,2,4,38,21,3.8961038961039,8.44155844155844,55.1948051948052,32.4675324675325,57.7922077922078,2.5974025974026,5.84415584415584,30.5194805194805,18.8311688311688,42.2077922077922,1.2987012987013,2.5974025974026,24.6753246753247,13.6363636363636
"E00004544",116,6,31,56,23,65,2,15,31,17,51,4,16,25,6,5.17241379310345,26.7241379310345,48.2758620689655,19.8275862068966,56.0344827586207,1.72413793103448,12.9310344827586,26.7241379310345,14.6551724137931,43.9655172413793,3.44827586206897,13.7931034482759,21.551724137931,5.17241379310345
"E00004545",182,20,55,82,25,105,12,27,45,21,77,8,28,37,4,10.989010989011,30.2197802197802,45.0549450549451,13.7362637362637,57.6923076923077,6.59340659340659,14.8351648351648,24.7252747252747,11.5384615384615,42.3076923076923,4.3956043956044,15.3846153846154,20.3296703296703,2.1978021978022
"E00004546",87,8,7,53,19,50,4,3,29,14,37,4,4,24,5,9.19540229885057,8.04597701149425,60.9195402298851,21.8390804597701,57.4712643678161,4.59770114942529,3.44827586206897,33.3333333333333,16.0919540229885,42.5287356321839,4.59770114942529,4.59770114942529,27.5862068965517,5.74712643678161
"E00004547",167,16,26,72,53,101,3,16,41,41,66,13,10,31,12,9.58083832335329,15.5688622754491,43.1137724550898,31.7365269461078,60.4790419161677,1.79640718562874,9.58083832335329,24.5508982035928,24.5508982035928,39.5209580838323,7.78443113772455,5.98802395209581,18.562874251497,7.18562874251497
"E00004548",136,11,8,64,53,76,4,5,34,33,60,7,3,30,20,8.08823529411765,5.88235294117647,47.0588235294118,38.9705882352941,55.8823529411765,2.94117647058824,3.67647058823529,25,24.2647058823529,44.1176470588235,5.14705882352941,2.20588235294118,22.0588235294118,14.7058823529412
"E00004549",98,9,25,49,15,59,5,14,32,8,39,4,11,17,7,9.18367346938776,25.5102040816327,50,15.3061224489796,60.2040816326531,5.10204081632653,14.2857142857143,32.6530612244898,8.16326530612245,39.7959183673469,4.08163265306122,11.2244897959184,17.3469387755102,7.14285714285714
"E00004550",184,13,23,128,20,105,5,10,79,11,79,8,13,49,9,7.06521739130435,12.5,69.5652173913043,10.8695652173913,57.0652173913043,2.71739130434783,5.43478260869565,42.9347826086957,5.97826086956522,42.9347826086957,4.34782608695652,7.06521739130435,26.6304347826087,4.89130434782609
"E00004551",285,12,14,149,110,170,6,6,85,73,115,6,8,64,37,4.21052631578947,4.91228070175439,52.280701754386,38.5964912280702,59.6491228070175,2.10526315789474,2.10526315789474,29.8245614035088,25.6140350877193,40.3508771929825,2.10526315789474,2.80701754385965,22.4561403508772,12.9824561403509
"E00004552",122,11,25,62,24,76,6,13,39,18,46,5,12,23,6,9.01639344262295,20.4918032786885,50.8196721311475,19.672131147541,62.2950819672131,4.91803278688525,10.655737704918,31.9672131147541,14.7540983606557,37.7049180327869,4.0983606557377,9.83606557377049,18.8524590163934,4.91803278688525
"E00004553",108,10,21,50,27,65,5,11,30,19,43,5,10,20,8,9.25925925925926,19.4444444444444,46.2962962962963,25,60.1851851851852,4.62962962962963,10.1851851851852,27.7777777777778,17.5925925925926,39.8148148148148,4.62962962962963,9.25925925925926,18.5185185185185,7.40740740740741
"E00004554",226,16,14,123,73,133,9,4,74,46,93,7,10,49,27,7.07964601769912,6.19469026548673,54.4247787610619,32.3008849557522,58.8495575221239,3.98230088495575,1.76991150442478,32.7433628318584,20.353982300885,41.1504424778761,3.09734513274336,4.42477876106195,21.6814159292035,11.9469026548673
"E00004555",117,11,22,64,20,71,3,12,41,15,46,8,10,23,5,9.4017094017094,18.8034188034188,54.7008547008547,17.0940170940171,60.6837606837607,2.56410256410256,10.2564102564103,35.042735042735,12.8205128205128,39.3162393162393,6.83760683760684,8.54700854700855,19.6581196581197,4.27350427350427
"E00004556",126,12,17,68,29,65,2,9,33,21,61,10,8,35,8,9.52380952380952,13.4920634920635,53.968253968254,23.015873015873,51.5873015873016,1.58730158730159,7.14285714285714,26.1904761904762,16.6666666666667,48.4126984126984,7.93650793650794,6.34920634920635,27.7777777777778,6.34920634920635
"E00004557",72,7,10,42,13,41,6,4,25,6,31,1,6,17,7,9.72222222222222,13.8888888888889,58.3333333333333,18.0555555555556,56.9444444444444,8.33333333333333,5.55555555555556,34.7222222222222,8.33333333333333,43.0555555555556,1.38888888888889,8.33333333333333,23.6111111111111,9.72222222222222
"E00004558",132,7,25,67,33,78,2,14,41,21,54,5,11,26,12,5.3030303030303,18.9393939393939,50.7575757575758,25,59.0909090909091,1.51515151515152,10.6060606060606,31.0606060606061,15.9090909090909,40.9090909090909,3.78787878787879,8.33333333333333,19.6969696969697,9.09090909090909
"E00004559",248,43,45,96,64,124,22,18,39,45,124,21,27,57,19,17.3387096774194,18.1451612903226,38.7096774193548,25.8064516129032,50,8.87096774193548,7.25806451612903,15.7258064516129,18.1451612903226,50,8.46774193548387,10.8870967741935,22.9838709677419,7.66129032258065
"E00004560",101,11,19,58,13,54,2,12,29,11,47,9,7,29,2,10.8910891089109,18.8118811881188,57.4257425742574,12.8712871287129,53.4653465346535,1.98019801980198,11.8811881188119,28.7128712871287,10.8910891089109,46.5346534653465,8.91089108910891,6.93069306930693,28.7128712871287,1.98019801980198
"E00004561",135,35,12,69,19,86,27,5,39,15,49,8,7,30,4,25.9259259259259,8.88888888888889,51.1111111111111,14.0740740740741,63.7037037037037,20,3.7037037037037,28.8888888888889,11.1111111111111,36.2962962962963,5.92592592592593,5.18518518518519,22.2222222222222,2.96296296296296
"E00004562",148,11,15,103,19,70,5,5,49,11,78,6,10,54,8,7.43243243243243,10.1351351351351,69.5945945945946,12.8378378378378,47.2972972972973,3.37837837837838,3.37837837837838,33.1081081081081,7.43243243243243,52.7027027027027,4.05405405405405,6.75675675675676,36.4864864864865,5.40540540540541
"E00004563",219,24,28,132,35,120,11,10,79,20,99,13,18,53,15,10.958904109589,12.7853881278539,60.2739726027397,15.9817351598174,54.7945205479452,5.02283105022831,4.5662100456621,36.0730593607306,9.1324200913242,45.2054794520548,5.93607305936073,8.21917808219178,24.2009132420091,6.84931506849315
"E00004564",175,15,20,119,21,100,8,8,70,14,75,7,12,49,7,8.57142857142857,11.4285714285714,68,12,57.1428571428571,4.57142857142857,4.57142857142857,40,8,42.8571428571429,4,6.85714285714286,28,4
"E00004565",92,17,11,55,9,45,5,7,27,6,47,12,4,28,3,18.4782608695652,11.9565217391304,59.7826086956522,9.78260869565217,48.9130434782609,5.43478260869565,7.60869565217391,29.3478260869565,6.52173913043478,51.0869565217391,13.0434782608696,4.34782608695652,30.4347826086957,3.26086956521739
"E00004566",149,13,14,84,38,74,2,5,44,23,75,11,9,40,15,8.7248322147651,9.39597315436242,56.3758389261745,25.503355704698,49.6644295302013,1.34228187919463,3.35570469798658,29.5302013422819,15.4362416107383,50.3355704697987,7.38255033557047,6.04026845637584,26.8456375838926,10.0671140939597
"E00004567",134,14,34,71,15,59,4,11,34,10,75,10,23,37,5,10.4477611940298,25.3731343283582,52.9850746268657,11.1940298507463,44.0298507462687,2.98507462686567,8.2089552238806,25.3731343283582,7.46268656716418,55.9701492537313,7.46268656716418,17.1641791044776,27.6119402985075,3.73134328358209
"E00004568",212,16,20,145,31,114,8,9,78,19,98,8,11,67,12,7.54716981132075,9.43396226415094,68.3962264150943,14.622641509434,53.7735849056604,3.77358490566038,4.24528301886792,36.7924528301887,8.9622641509434,46.2264150943396,3.77358490566038,5.18867924528302,31.6037735849057,5.66037735849057
"E00004569",176,16,29,100,31,98,6,11,55,26,78,10,18,45,5,9.09090909090909,16.4772727272727,56.8181818181818,17.6136363636364,55.6818181818182,3.40909090909091,6.25,31.25,14.7727272727273,44.3181818181818,5.68181818181818,10.2272727272727,25.5681818181818,2.84090909090909
"E00004570",167,9,19,107,32,96,7,5,63,21,71,2,14,44,11,5.38922155688623,11.377245508982,64.0718562874251,19.1616766467066,57.4850299401198,4.19161676646707,2.9940119760479,37.7245508982036,12.5748502994012,42.5149700598802,1.19760479041916,8.38323353293413,26.3473053892216,6.58682634730539
"E00004571",208,16,22,114,56,103,4,9,60,30,105,12,13,54,26,7.69230769230769,10.5769230769231,54.8076923076923,26.9230769230769,49.5192307692308,1.92307692307692,4.32692307692308,28.8461538461538,14.4230769230769,50.4807692307692,5.76923076923077,6.25,25.9615384615385,12.5
"E00004572",235,19,29,129,58,132,8,12,70,42,103,11,17,59,16,8.08510638297872,12.3404255319149,54.8936170212766,24.6808510638298,56.1702127659575,3.40425531914894,5.1063829787234,29.7872340425532,17.8723404255319,43.8297872340426,4.68085106382979,7.23404255319149,25.1063829787234,6.80851063829787
"E00004573",163,16,28,84,35,71,7,8,38,18,92,9,20,46,17,9.8159509202454,17.1779141104294,51.5337423312883,21.4723926380368,43.558282208589,4.29447852760736,4.9079754601227,23.3128834355828,11.0429447852761,56.441717791411,5.52147239263804,12.2699386503067,28.2208588957055,10.4294478527607
"E00004574",225,20,30,139,36,136,11,10,91,24,89,9,20,48,12,8.88888888888889,13.3333333333333,61.7777777777778,16,60.4444444444444,4.88888888888889,4.44444444444444,40.4444444444444,10.6666666666667,39.5555555555556,4,8.88888888888889,21.3333333333333,5.33333333333333
"E00004575",238,15,28,160,35,120,2,9,85,24,118,13,19,75,11,6.30252100840336,11.7647058823529,67.2268907563025,14.7058823529412,50.4201680672269,0.840336134453782,3.78151260504202,35.7142857142857,10.0840336134454,49.5798319327731,5.46218487394958,7.98319327731092,31.5126050420168,4.6218487394958
"E00004576",153,11,30,88,24,77,2,8,53,14,76,9,22,35,10,7.18954248366013,19.6078431372549,57.516339869281,15.6862745098039,50.3267973856209,1.30718954248366,5.22875816993464,34.640522875817,9.15032679738562,49.6732026143791,5.88235294117647,14.3790849673203,22.8758169934641,6.5359477124183
"E00004577",153,10,16,99,28,80,5,7,48,20,73,5,9,51,8,6.5359477124183,10.4575163398693,64.7058823529412,18.3006535947712,52.2875816993464,3.26797385620915,4.57516339869281,31.3725490196078,13.0718954248366,47.7124183006536,3.26797385620915,5.88235294117647,33.3333333333333,5.22875816993464
"E00004578",203,11,21,150,21,98,6,8,74,10,105,5,13,76,11,5.41871921182266,10.3448275862069,73.8916256157635,10.3448275862069,48.2758620689655,2.95566502463054,3.94088669950739,36.4532019704434,4.92610837438424,51.7241379310345,2.46305418719212,6.40394088669951,37.4384236453202,5.41871921182266
"E00004579",141,20,25,67,29,68,5,7,36,20,73,15,18,31,9,14.1843971631206,17.7304964539007,47.5177304964539,20.5673758865248,48.2269503546099,3.54609929078014,4.9645390070922,25.531914893617,14.1843971631206,51.7730496453901,10.6382978723404,12.7659574468085,21.9858156028369,6.38297872340426
"E00004580",182,6,31,113,32,93,3,13,62,15,89,3,18,51,17,3.2967032967033,17.032967032967,62.0879120879121,17.5824175824176,51.0989010989011,1.64835164835165,7.14285714285714,34.0659340659341,8.24175824175824,48.9010989010989,1.64835164835165,9.89010989010989,28.021978021978,9.34065934065934
"E00004581",137,8,17,83,29,62,4,5,35,18,75,4,12,48,11,5.83941605839416,12.4087591240876,60.5839416058394,21.1678832116788,45.2554744525547,2.91970802919708,3.64963503649635,25.5474452554745,13.1386861313869,54.7445255474453,2.91970802919708,8.75912408759124,35.036496350365,8.02919708029197
"E00004582",157,11,25,81,40,80,4,10,44,22,77,7,15,37,18,7.00636942675159,15.9235668789809,51.5923566878981,25.4777070063694,50.9554140127389,2.54777070063694,6.36942675159236,28.0254777070064,14.0127388535032,49.0445859872611,4.45859872611465,9.55414012738854,23.5668789808917,11.4649681528662
"E00004583",188,22,25,101,40,98,8,9,53,28,90,14,16,48,12,11.7021276595745,13.2978723404255,53.7234042553192,21.2765957446809,52.1276595744681,4.25531914893617,4.78723404255319,28.1914893617021,14.8936170212766,47.8723404255319,7.4468085106383,8.51063829787234,25.531914893617,6.38297872340426
"E00004584",211,18,31,122,40,117,5,10,75,27,94,13,21,47,13,8.53080568720379,14.6919431279621,57.8199052132701,18.957345971564,55.4502369668246,2.3696682464455,4.739336492891,35.5450236966825,12.7962085308057,44.5497630331754,6.16113744075829,9.95260663507109,22.2748815165877,6.16113744075829
"E00004585",151,11,23,88,29,71,5,5,48,13,80,6,18,40,16,7.28476821192053,15.2317880794702,58.2781456953642,19.205298013245,47.0198675496689,3.3112582781457,3.3112582781457,31.7880794701987,8.60927152317881,52.9801324503311,3.97350993377483,11.9205298013245,26.4900662251656,10.5960264900662
"E00004586",152,13,26,77,36,74,5,9,39,21,78,8,17,38,15,8.55263157894737,17.1052631578947,50.6578947368421,23.6842105263158,48.6842105263158,3.28947368421053,5.92105263157895,25.6578947368421,13.8157894736842,51.3157894736842,5.26315789473684,11.1842105263158,25,9.86842105263158
"E00004587",137,19,26,63,29,58,9,9,24,16,79,10,17,39,13,13.8686131386861,18.978102189781,45.985401459854,21.1678832116788,42.3357664233577,6.56934306569343,6.56934306569343,17.5182481751825,11.6788321167883,57.6642335766423,7.2992700729927,12.4087591240876,28.4671532846715,9.48905109489051
"E00004588",209,11,24,120,54,104,3,9,62,30,105,8,15,58,24,5.26315789473684,11.4832535885167,57.4162679425837,25.8373205741627,49.7607655502392,1.43540669856459,4.30622009569378,29.6650717703349,14.3540669856459,50.2392344497608,3.82775119617225,7.17703349282297,27.7511961722488,11.4832535885167
"E00004589",147,9,27,75,36,72,2,10,39,21,75,7,17,36,15,6.12244897959184,18.3673469387755,51.0204081632653,24.4897959183673,48.9795918367347,1.36054421768707,6.80272108843537,26.530612244898,14.2857142857143,51.0204081632653,4.76190476190476,11.5646258503401,24.4897959183673,10.2040816326531
"E00004590",138,18,12,81,27,69,7,5,43,14,69,11,7,38,13,13.0434782608696,8.69565217391304,58.695652173913,19.5652173913043,50,5.07246376811594,3.6231884057971,31.1594202898551,10.1449275362319,50,7.97101449275362,5.07246376811594,27.536231884058,9.42028985507246
"E00004591",120,13,25,63,19,59,3,6,36,14,61,10,19,27,5,10.8333333333333,20.8333333333333,52.5,15.8333333333333,49.1666666666667,2.5,5,30,11.6666666666667,50.8333333333333,8.33333333333333,15.8333333333333,22.5,4.16666666666667
"E00004592",113,2,15,73,23,56,0,3,39,14,57,2,12,34,9,1.76991150442478,13.2743362831858,64.6017699115044,20.353982300885,49.5575221238938,0,2.65486725663717,34.5132743362832,12.3893805309735,50.4424778761062,1.76991150442478,10.6194690265487,30.0884955752212,7.9646017699115
"E00004593",340,19,46,214,61,179,9,26,108,36,161,10,20,106,25,5.58823529411765,13.5294117647059,62.9411764705882,17.9411764705882,52.6470588235294,2.64705882352941,7.64705882352941,31.7647058823529,10.5882352941176,47.3529411764706,2.94117647058824,5.88235294117647,31.1764705882353,7.35294117647059
"E00004594",152,13,16,94,29,80,4,1,56,19,72,9,15,38,10,8.55263157894737,10.5263157894737,61.8421052631579,19.0789473684211,52.6315789473684,2.63157894736842,0.657894736842105,36.8421052631579,12.5,47.3684210526316,5.92105263157895,9.86842105263158,25,6.57894736842105
"E00004595",139,10,19,75,35,72,4,6,36,26,67,6,13,39,9,7.19424460431655,13.6690647482014,53.9568345323741,25.1798561151079,51.7985611510791,2.87769784172662,4.31654676258993,25.8992805755396,18.705035971223,48.2014388489209,4.31654676258993,9.35251798561151,28.0575539568345,6.47482014388489
"E00004596",121,9,14,67,31,63,1,5,35,22,58,8,9,32,9,7.43801652892562,11.5702479338843,55.3719008264463,25.6198347107438,52.0661157024793,0.826446280991736,4.13223140495868,28.9256198347107,18.1818181818182,47.9338842975207,6.61157024793388,7.43801652892562,26.4462809917355,7.43801652892562
"E00004597",478,23,23,350,82,240,6,9,165,60,238,17,14,185,22,4.81171548117155,4.81171548117155,73.2217573221757,17.1548117154812,50.2092050209205,1.25523012552301,1.88284518828452,34.5188284518828,12.5523012552301,49.7907949790795,3.55648535564854,2.92887029288703,38.7029288702929,4.60251046025105
"E00004598",133,12,23,68,30,73,8,7,39,19,60,4,16,29,11,9.02255639097744,17.2932330827068,51.1278195488722,22.5563909774436,54.8872180451128,6.01503759398496,5.26315789473684,29.3233082706767,14.2857142857143,45.1127819548872,3.00751879699248,12.0300751879699,21.8045112781955,8.27067669172932
"E00004599",192,18,22,117,35,107,6,11,65,25,85,12,11,52,10,9.375,11.4583333333333,60.9375,18.2291666666667,55.7291666666667,3.125,5.72916666666667,33.8541666666667,13.0208333333333,44.2708333333333,6.25,5.72916666666667,27.0833333333333,5.20833333333333
"E00004600",121,10,25,72,14,52,2,6,35,9,69,8,19,37,5,8.26446280991736,20.6611570247934,59.504132231405,11.5702479338843,42.9752066115703,1.65289256198347,4.95867768595041,28.9256198347107,7.43801652892562,57.0247933884297,6.61157024793388,15.702479338843,30.5785123966942,4.13223140495868
"E00004601",114,11,22,61,20,67,5,11,35,16,47,6,11,26,4,9.64912280701754,19.2982456140351,53.5087719298246,17.5438596491228,58.7719298245614,4.3859649122807,9.64912280701754,30.7017543859649,14.0350877192982,41.2280701754386,5.26315789473684,9.64912280701754,22.8070175438596,3.50877192982456
"E00004602",168,12,15,110,31,84,6,7,53,18,84,6,8,57,13,7.14285714285714,8.92857142857143,65.4761904761905,18.452380952381,50,3.57142857142857,4.16666666666667,31.547619047619,10.7142857142857,50,3.57142857142857,4.76190476190476,33.9285714285714,7.73809523809524
"E00004603",136,10,31,77,18,63,3,13,34,13,73,7,18,43,5,7.35294117647059,22.7941176470588,56.6176470588235,13.2352941176471,46.3235294117647,2.20588235294118,9.55882352941176,25,9.55882352941176,53.6764705882353,5.14705882352941,13.2352941176471,31.6176470588235,3.67647058823529
"E00004604",111,6,24,64,17,57,0,12,30,15,54,6,12,34,2,5.40540540540541,21.6216216216216,57.6576576576577,15.3153153153153,51.3513513513513,0,10.8108108108108,27.027027027027,13.5135135135135,48.6486486486487,5.40540540540541,10.8108108108108,30.6306306306306,1.8018018018018
"E00004605",127,12,22,67,26,59,3,8,32,16,68,9,14,35,10,9.44881889763779,17.3228346456693,52.755905511811,20.4724409448819,46.4566929133858,2.36220472440945,6.2992125984252,25.1968503937008,12.5984251968504,53.5433070866142,7.08661417322835,11.0236220472441,27.5590551181102,7.8740157480315
"E00004606",176,12,22,87,55,87,2,11,38,36,89,10,11,49,19,6.81818181818182,12.5,49.4318181818182,31.25,49.4318181818182,1.13636363636364,6.25,21.5909090909091,20.4545454545455,50.5681818181818,5.68181818181818,6.25,27.8409090909091,10.7954545454545
"E00004607",60,8,8,36,8,23,2,3,16,2,37,6,5,20,6,13.3333333333333,13.3333333333333,60,13.3333333333333,38.3333333333333,3.33333333333333,5,26.6666666666667,3.33333333333333,61.6666666666667,10,8.33333333333333,33.3333333333333,10
"E00004608",138,21,22,77,18,70,8,8,40,14,68,13,14,37,4,15.2173913043478,15.9420289855072,55.7971014492754,13.0434782608696,50.7246376811594,5.79710144927536,5.79710144927536,28.9855072463768,10.1449275362319,49.2753623188406,9.42028985507246,10.1449275362319,26.8115942028986,2.89855072463768
"E00004609",171,16,27,97,31,77,7,12,37,21,94,9,15,60,10,9.35672514619883,15.7894736842105,56.7251461988304,18.1286549707602,45.0292397660819,4.09356725146199,7.01754385964912,21.6374269005848,12.280701754386,54.9707602339181,5.26315789473684,8.7719298245614,35.0877192982456,5.84795321637427
"E00004610",107,11,18,59,19,51,5,9,26,11,56,6,9,33,8,10.2803738317757,16.8224299065421,55.1401869158878,17.7570093457944,47.6635514018692,4.67289719626168,8.41121495327103,24.2990654205607,10.2803738317757,52.3364485981308,5.60747663551402,8.41121495327103,30.8411214953271,7.47663551401869
"E00004611",33,4,6,18,5,13,1,2,9,1,20,3,4,9,4,12.1212121212121,18.1818181818182,54.5454545454545,15.1515151515152,39.3939393939394,3.03030303030303,6.06060606060606,27.2727272727273,3.03030303030303,60.6060606060606,9.09090909090909,12.1212121212121,27.2727272727273,12.1212121212121
"E00004612",142,13,19,99,11,65,4,7,45,9,77,9,12,54,2,9.15492957746479,13.3802816901408,69.7183098591549,7.74647887323944,45.7746478873239,2.8169014084507,4.92957746478873,31.6901408450704,6.33802816901408,54.2253521126761,6.33802816901408,8.45070422535211,38.0281690140845,1.40845070422535
"E00004613",108,12,21,58,17,50,4,9,28,9,58,8,12,30,8,11.1111111111111,19.4444444444444,53.7037037037037,15.7407407407407,46.2962962962963,3.7037037037037,8.33333333333333,25.9259259259259,8.33333333333333,53.7037037037037,7.40740740740741,11.1111111111111,27.7777777777778,7.40740740740741
"E00004614",268,22,45,148,53,154,12,21,85,36,114,10,24,63,17,8.2089552238806,16.7910447761194,55.2238805970149,19.7761194029851,57.4626865671642,4.47761194029851,7.83582089552239,31.7164179104478,13.4328358208955,42.5373134328358,3.73134328358209,8.95522388059701,23.5074626865672,6.34328358208955
"E00004615",142,9,13,80,40,85,6,2,44,33,57,3,11,36,7,6.33802816901408,9.15492957746479,56.3380281690141,28.169014084507,59.8591549295775,4.22535211267606,1.40845070422535,30.9859154929577,23.2394366197183,40.1408450704225,2.11267605633803,7.74647887323944,25.3521126760563,4.92957746478873
"E00004616",192,10,17,115,50,98,5,3,52,38,94,5,14,63,12,5.20833333333333,8.85416666666667,59.8958333333333,26.0416666666667,51.0416666666667,2.60416666666667,1.5625,27.0833333333333,19.7916666666667,48.9583333333333,2.60416666666667,7.29166666666667,32.8125,6.25
"E00004617",159,12,13,88,46,86,8,5,41,32,73,4,8,47,14,7.54716981132075,8.17610062893082,55.3459119496855,28.9308176100629,54.0880503144654,5.0314465408805,3.14465408805031,25.7861635220126,20.125786163522,45.9119496855346,2.51572327044025,5.0314465408805,29.559748427673,8.80503144654088
"E00004618",156,9,11,87,49,83,6,4,40,33,73,3,7,47,16,5.76923076923077,7.05128205128205,55.7692307692308,31.4102564102564,53.2051282051282,3.84615384615385,2.56410256410256,25.6410256410256,21.1538461538462,46.7948717948718,1.92307692307692,4.48717948717949,30.1282051282051,10.2564102564103
"E00004619",127,4,21,69,33,73,0,8,38,27,54,4,13,31,6,3.1496062992126,16.5354330708661,54.3307086614173,25.9842519685039,57.4803149606299,0,6.2992125984252,29.9212598425197,21.259842519685,42.5196850393701,3.1496062992126,10.2362204724409,24.4094488188976,4.7244094488189
"E00004620",152,19,21,89,23,81,9,16,43,13,71,10,5,46,10,12.5,13.8157894736842,58.5526315789474,15.1315789473684,53.2894736842105,5.92105263157895,10.5263157894737,28.2894736842105,8.55263157894737,46.7105263157895,6.57894736842105,3.28947368421053,30.2631578947368,6.57894736842105
"E00004621",141,6,23,84,28,64,4,9,38,13,77,2,14,46,15,4.25531914893617,16.3120567375887,59.5744680851064,19.8581560283688,45.3900709219858,2.83687943262411,6.38297872340426,26.9503546099291,9.21985815602837,54.6099290780142,1.41843971631206,9.9290780141844,32.6241134751773,10.6382978723404
"E00004622",295,16,14,163,102,156,5,6,76,69,139,11,8,87,33,5.42372881355932,4.74576271186441,55.2542372881356,34.5762711864407,52.8813559322034,1.69491525423729,2.03389830508475,25.7627118644068,23.3898305084746,47.1186440677966,3.72881355932203,2.71186440677966,29.4915254237288,11.1864406779661
"E00004623",183,13,19,111,40,95,6,10,59,20,88,7,9,52,20,7.10382513661202,10.3825136612022,60.655737704918,21.8579234972678,51.9125683060109,3.27868852459016,5.46448087431694,32.2404371584699,10.9289617486339,48.0874316939891,3.82513661202186,4.91803278688525,28.4153005464481,10.9289617486339
"E00004624",177,11,20,100,46,88,4,9,46,29,89,7,11,54,17,6.21468926553672,11.2994350282486,56.4971751412429,25.9887005649718,49.7175141242938,2.25988700564972,5.08474576271187,25.9887005649718,16.3841807909604,50.2824858757062,3.95480225988701,6.21468926553672,30.5084745762712,9.6045197740113
"E00004625",163,8,27,96,32,83,5,12,45,21,80,3,15,51,11,4.9079754601227,16.5644171779141,58.8957055214724,19.6319018404908,50.920245398773,3.06748466257669,7.36196319018405,27.6073619631902,12.8834355828221,49.079754601227,1.84049079754601,9.20245398773006,31.2883435582822,6.74846625766871
"E00004626",201,17,37,128,19,109,4,23,71,11,92,13,14,57,8,8.45771144278607,18.407960199005,63.681592039801,9.45273631840796,54.228855721393,1.99004975124378,11.4427860696517,35.3233830845771,5.4726368159204,45.771144278607,6.46766169154229,6.96517412935323,28.3582089552239,3.98009950248756
"E00004627",86,5,26,44,11,45,3,14,21,7,41,2,12,23,4,5.81395348837209,30.2325581395349,51.1627906976744,12.7906976744186,52.3255813953488,3.48837209302326,16.2790697674419,24.4186046511628,8.13953488372093,47.6744186046512,2.32558139534884,13.953488372093,26.7441860465116,4.65116279069767
"E00004628",71,6,21,34,10,42,4,11,21,6,29,2,10,13,4,8.45070422535211,29.5774647887324,47.887323943662,14.0845070422535,59.1549295774648,5.63380281690141,15.4929577464789,29.5774647887324,8.45070422535211,40.8450704225352,2.8169014084507,14.0845070422535,18.3098591549296,5.63380281690141
"E00004629",163,15,9,102,37,91,4,3,56,28,72,11,6,46,9,9.20245398773006,5.52147239263804,62.5766871165644,22.6993865030675,55.8282208588957,2.45398773006135,1.84049079754601,34.3558282208589,17.1779141104294,44.1717791411043,6.74846625766871,3.68098159509202,28.2208588957055,5.52147239263804
"E00004630",145,8,11,97,29,70,5,4,43,18,75,3,7,54,11,5.51724137931035,7.58620689655172,66.8965517241379,20,48.2758620689655,3.44827586206897,2.75862068965517,29.6551724137931,12.4137931034483,51.7241379310345,2.06896551724138,4.82758620689655,37.2413793103448,7.58620689655172
"E00004631",128,9,13,88,18,81,6,7,55,13,47,3,6,33,5,7.03125,10.15625,68.75,14.0625,63.28125,4.6875,5.46875,42.96875,10.15625,36.71875,2.34375,4.6875,25.78125,3.90625
"E00004632",69,5,21,40,3,35,1,10,22,2,34,4,11,18,1,7.2463768115942,30.4347826086957,57.9710144927536,4.34782608695652,50.7246376811594,1.44927536231884,14.4927536231884,31.8840579710145,2.89855072463768,49.2753623188406,5.79710144927536,15.9420289855072,26.0869565217391,1.44927536231884
"E00004633",92,19,19,44,10,54,6,10,29,9,38,13,9,15,1,20.6521739130435,20.6521739130435,47.8260869565217,10.8695652173913,58.695652173913,6.52173913043478,10.8695652173913,31.5217391304348,9.78260869565217,41.304347826087,14.1304347826087,9.78260869565217,16.304347826087,1.08695652173913
"E00004634",185,14,23,99,49,97,8,7,52,30,88,6,16,47,19,7.56756756756757,12.4324324324324,53.5135135135135,26.4864864864865,52.4324324324324,4.32432432432432,3.78378378378378,28.1081081081081,16.2162162162162,47.5675675675676,3.24324324324324,8.64864864864865,25.4054054054054,10.2702702702703
"E00004635",103,13,22,48,20,53,4,9,30,10,50,9,13,18,10,12.621359223301,21.3592233009709,46.6019417475728,19.4174757281553,51.4563106796116,3.88349514563107,8.7378640776699,29.126213592233,9.70873786407767,48.5436893203884,8.7378640776699,12.621359223301,17.4757281553398,9.70873786407767
"E00004636",112,9,27,62,14,55,3,8,33,11,57,6,19,29,3,8.03571428571429,24.1071428571429,55.3571428571429,12.5,49.1071428571429,2.67857142857143,7.14285714285714,29.4642857142857,9.82142857142857,50.8928571428571,5.35714285714286,16.9642857142857,25.8928571428571,2.67857142857143
"E00004637",93,12,20,57,4,53,8,9,33,3,40,4,11,24,1,12.9032258064516,21.505376344086,61.2903225806452,4.3010752688172,56.989247311828,8.60215053763441,9.67741935483871,35.4838709677419,3.2258064516129,43.010752688172,4.3010752688172,11.8279569892473,25.8064516129032,1.0752688172043
"E00004638",201,9,31,132,29,108,2,15,75,16,93,7,16,57,13,4.47761194029851,15.4228855721393,65.6716417910448,14.4278606965174,53.7313432835821,0.995024875621891,7.46268656716418,37.3134328358209,7.96019900497512,46.2686567164179,3.48258706467662,7.96019900497512,28.3582089552239,6.46766169154229
"E00004639",94,7,22,52,13,45,3,9,25,8,49,4,13,27,5,7.4468085106383,23.4042553191489,55.3191489361702,13.8297872340426,47.8723404255319,3.19148936170213,9.57446808510638,26.5957446808511,8.51063829787234,52.1276595744681,4.25531914893617,13.8297872340426,28.7234042553192,5.31914893617021
"E00004640",162,12,29,94,27,78,5,16,41,16,84,7,13,53,11,7.40740740740741,17.9012345679012,58.0246913580247,16.6666666666667,48.1481481481481,3.08641975308642,9.87654320987654,25.3086419753086,9.87654320987654,51.8518518518518,4.32098765432099,8.02469135802469,32.7160493827161,6.79012345679012
"E00004641",121,23,32,58,8,67,14,18,30,5,54,9,14,28,3,19.0082644628099,26.4462809917355,47.9338842975207,6.61157024793388,55.3719008264463,11.5702479338843,14.8760330578512,24.7933884297521,4.13223140495868,44.6280991735537,7.43801652892562,11.5702479338843,23.1404958677686,2.47933884297521
"E00004642",102,14,22,60,6,51,6,9,32,4,51,8,13,28,2,13.7254901960784,21.5686274509804,58.8235294117647,5.88235294117647,50,5.88235294117647,8.82352941176471,31.3725490196078,3.92156862745098,50,7.84313725490196,12.7450980392157,27.4509803921569,1.96078431372549
"E00004643",194,12,33,103,46,109,5,18,54,32,85,7,15,49,14,6.18556701030928,17.0103092783505,53.0927835051546,23.7113402061856,56.1855670103093,2.57731958762887,9.27835051546392,27.8350515463918,16.4948453608247,43.8144329896907,3.60824742268041,7.7319587628866,25.2577319587629,7.21649484536082
"E00004644",132,13,27,72,20,69,3,10,39,17,63,10,17,33,3,9.84848484848485,20.4545454545455,54.5454545454545,15.1515151515152,52.2727272727273,2.27272727272727,7.57575757575758,29.5454545454545,12.8787878787879,47.7272727272727,7.57575757575758,12.8787878787879,25,2.27272727272727
"E00004645",87,5,12,56,14,44,5,5,26,8,43,0,7,30,6,5.74712643678161,13.7931034482759,64.367816091954,16.0919540229885,50.5747126436782,5.74712643678161,5.74712643678161,29.8850574712644,9.19540229885057,49.4252873563218,0,8.04597701149425,34.4827586206897,6.89655172413793
"E00004646",100,12,21,50,17,57,4,12,32,9,43,8,9,18,8,12,21,50,17,57,4,12,32,9,43,8,9,18,8
"E00004647",169,19,32,88,30,82,7,11,45,19,87,12,21,43,11,11.2426035502959,18.9349112426036,52.0710059171598,17.7514792899408,48.5207100591716,4.14201183431953,6.50887573964497,26.6272189349112,11.2426035502959,51.4792899408284,7.10059171597633,12.4260355029586,25.4437869822485,6.50887573964497
"E00004649",111,14,12,52,33,66,5,7,34,20,45,9,5,18,13,12.6126126126126,10.8108108108108,46.8468468468468,29.7297297297297,59.4594594594595,4.5045045045045,6.30630630630631,30.6306306306306,18.018018018018,40.5405405405405,8.10810810810811,4.5045045045045,16.2162162162162,11.7117117117117
"E00004650",149,15,20,87,27,75,7,4,46,18,74,8,16,41,9,10.0671140939597,13.4228187919463,58.3892617449664,18.1208053691275,50.3355704697987,4.69798657718121,2.68456375838926,30.8724832214765,12.0805369127517,49.6644295302013,5.36912751677852,10.738255033557,27.5167785234899,6.04026845637584
"E00004651",87,4,10,54,19,54,2,5,35,12,33,2,5,19,7,4.59770114942529,11.4942528735632,62.0689655172414,21.8390804597701,62.0689655172414,2.29885057471264,5.74712643678161,40.2298850574713,13.7931034482759,37.9310344827586,2.29885057471264,5.74712643678161,21.8390804597701,8.04597701149425
"E00004652",124,16,19,66,23,62,8,6,36,12,62,8,13,30,11,12.9032258064516,15.3225806451613,53.2258064516129,18.5483870967742,50,6.45161290322581,4.83870967741935,29.0322580645161,9.67741935483871,50,6.45161290322581,10.4838709677419,24.1935483870968,8.87096774193548
"E00004653",99,11,9,54,25,41,1,4,22,14,58,10,5,32,11,11.1111111111111,9.09090909090909,54.5454545454545,25.2525252525253,41.4141414141414,1.01010101010101,4.04040404040404,22.2222222222222,14.1414141414141,58.5858585858586,10.1010101010101,5.05050505050505,32.3232323232323,11.1111111111111
"E00004654",63,9,8,34,12,32,5,1,17,9,31,4,7,17,3,14.2857142857143,12.6984126984127,53.968253968254,19.047619047619,50.7936507936508,7.93650793650794,1.58730158730159,26.984126984127,14.2857142857143,49.2063492063492,6.34920634920635,11.1111111111111,26.984126984127,4.76190476190476
"E00004655",140,19,24,67,30,77,10,6,39,22,63,9,18,28,8,13.5714285714286,17.1428571428571,47.8571428571429,21.4285714285714,55,7.14285714285714,4.28571428571429,27.8571428571429,15.7142857142857,45,6.42857142857143,12.8571428571429,20,5.71428571428571
"E00004656",137,26,18,69,24,80,12,6,43,19,57,14,12,26,5,18.978102189781,13.1386861313869,50.3649635036496,17.5182481751825,58.3941605839416,8.75912408759124,4.37956204379562,31.3868613138686,13.8686131386861,41.6058394160584,10.2189781021898,8.75912408759124,18.978102189781,3.64963503649635
"E00004658",104,18,26,47,13,58,8,13,28,9,46,10,13,19,4,17.3076923076923,25,45.1923076923077,12.5,55.7692307692308,7.69230769230769,12.5,26.9230769230769,8.65384615384615,44.2307692307692,9.61538461538462,12.5,18.2692307692308,3.84615384615385
"E00004659",208,47,49,78,34,131,32,32,49,18,77,15,17,29,16,22.5961538461538,23.5576923076923,37.5,16.3461538461538,62.9807692307692,15.3846153846154,15.3846153846154,23.5576923076923,8.65384615384615,37.0192307692308,7.21153846153846,8.17307692307692,13.9423076923077,7.69230769230769
"E00004660",144,19,31,59,35,82,5,7,37,33,62,14,24,22,2,13.1944444444444,21.5277777777778,40.9722222222222,24.3055555555556,56.9444444444444,3.47222222222222,4.86111111111111,25.6944444444444,22.9166666666667,43.0555555555556,9.72222222222222,16.6666666666667,15.2777777777778,1.38888888888889
"E00004661",108,17,17,58,16,60,10,8,31,11,48,7,9,27,5,15.7407407407407,15.7407407407407,53.7037037037037,14.8148148148148,55.5555555555556,9.25925925925926,7.40740740740741,28.7037037037037,10.1851851851852,44.4444444444444,6.48148148148148,8.33333333333333,25,4.62962962962963
"E00004662",129,22,13,71,23,74,8,7,44,15,55,14,6,27,8,17.0542635658915,10.077519379845,55.0387596899225,17.8294573643411,57.3643410852713,6.2015503875969,5.42635658914729,34.1085271317829,11.6279069767442,42.6356589147287,10.8527131782946,4.65116279069767,20.9302325581395,6.2015503875969
"E00004663",106,24,36,37,9,70,13,24,27,6,36,11,12,10,3,22.6415094339623,33.9622641509434,34.9056603773585,8.49056603773585,66.0377358490566,12.2641509433962,22.6415094339623,25.4716981132075,5.66037735849057,33.9622641509434,10.377358490566,11.3207547169811,9.43396226415094,2.83018867924528
"E00004664",172,24,22,112,14,90,11,8,60,11,82,13,14,52,3,13.953488372093,12.7906976744186,65.1162790697674,8.13953488372093,52.3255813953488,6.3953488372093,4.65116279069767,34.8837209302326,6.3953488372093,47.6744186046512,7.55813953488372,8.13953488372093,30.2325581395349,1.74418604651163
"E00004665",87,10,14,53,10,43,2,4,30,7,44,8,10,23,3,11.4942528735632,16.0919540229885,60.9195402298851,11.4942528735632,49.4252873563218,2.29885057471264,4.59770114942529,34.4827586206897,8.04597701149425,50.5747126436782,9.19540229885057,11.4942528735632,26.4367816091954,3.44827586206897
"E00004666",152,23,17,78,34,97,10,13,49,25,55,13,4,29,9,15.1315789473684,11.1842105263158,51.3157894736842,22.3684210526316,63.8157894736842,6.57894736842105,8.55263157894737,32.2368421052632,16.4473684210526,36.1842105263158,8.55263157894737,2.63157894736842,19.0789473684211,5.92105263157895
"E00004667",99,12,10,55,22,48,6,4,29,9,51,6,6,26,13,12.1212121212121,10.1010101010101,55.5555555555556,22.2222222222222,48.4848484848485,6.06060606060606,4.04040404040404,29.2929292929293,9.09090909090909,51.5151515151515,6.06060606060606,6.06060606060606,26.2626262626263,13.1313131313131
"E00004668",61,9,14,34,4,25,1,2,18,4,36,8,12,16,0,14.7540983606557,22.9508196721311,55.7377049180328,6.55737704918033,40.9836065573771,1.63934426229508,3.27868852459016,29.5081967213115,6.55737704918033,59.0163934426229,13.1147540983607,19.672131147541,26.2295081967213,0
"E00004669",94,17,12,53,12,56,8,8,33,7,38,9,4,20,5,18.0851063829787,12.7659574468085,56.3829787234042,12.7659574468085,59.5744680851064,8.51063829787234,8.51063829787234,35.1063829787234,7.4468085106383,40.4255319148936,9.57446808510638,4.25531914893617,21.2765957446809,5.31914893617021
"E00004670",87,17,18,43,9,52,7,10,29,6,35,10,8,14,3,19.5402298850575,20.6896551724138,49.4252873563218,10.3448275862069,59.7701149425287,8.04597701149425,11.4942528735632,33.3333333333333,6.89655172413793,40.2298850574713,11.4942528735632,9.19540229885057,16.0919540229885,3.44827586206897
"E00004671",187,23,42,92,30,92,5,17,50,20,95,18,25,42,10,12.2994652406417,22.4598930481283,49.1978609625668,16.0427807486631,49.1978609625668,2.67379679144385,9.09090909090909,26.7379679144385,10.6951871657754,50.8021390374332,9.62566844919786,13.3689839572193,22.4598930481283,5.3475935828877
"E00004672",123,19,8,63,33,70,7,1,40,22,53,12,7,23,11,15.4471544715447,6.50406504065041,51.219512195122,26.8292682926829,56.9105691056911,5.69105691056911,0.813008130081301,32.520325203252,17.8861788617886,43.0894308943089,9.75609756097561,5.69105691056911,18.6991869918699,8.94308943089431
"E00004673",115,12,35,54,14,74,3,25,34,12,41,9,10,20,2,10.4347826086957,30.4347826086957,46.9565217391304,12.1739130434783,64.3478260869565,2.60869565217391,21.7391304347826,29.5652173913043,10.4347826086957,35.6521739130435,7.82608695652174,8.69565217391304,17.3913043478261,1.73913043478261
"E00004674",94,9,21,53,11,54,2,15,29,8,40,7,6,24,3,9.57446808510638,22.3404255319149,56.3829787234042,11.7021276595745,57.4468085106383,2.12765957446809,15.9574468085106,30.8510638297872,8.51063829787234,42.5531914893617,7.4468085106383,6.38297872340426,25.531914893617,3.19148936170213
"E00004675",73,10,17,35,11,35,2,7,19,7,38,8,10,16,4,13.6986301369863,23.2876712328767,47.945205479452,15.0684931506849,47.945205479452,2.73972602739726,9.58904109589041,26.027397260274,9.58904109589041,52.0547945205479,10.958904109589,13.6986301369863,21.9178082191781,5.47945205479452
"E00004676",191,83,25,53,30,99,38,14,30,17,92,45,11,23,13,43.455497382199,13.0890052356021,27.7486910994764,15.7068062827225,51.8324607329843,19.8952879581152,7.32984293193717,15.7068062827225,8.90052356020942,48.1675392670157,23.5602094240838,5.75916230366492,12.0418848167539,6.80628272251309
"E00004677",123,15,16,71,21,71,5,9,44,13,52,10,7,27,8,12.1951219512195,13.0081300813008,57.7235772357724,17.0731707317073,57.7235772357724,4.0650406504065,7.31707317073171,35.7723577235772,10.5691056910569,42.2764227642276,8.13008130081301,5.69105691056911,21.9512195121951,6.50406504065041
"E00004678",125,13,27,65,20,67,3,13,37,14,58,10,14,28,6,10.4,21.6,52,16,53.6,2.4,10.4,29.6,11.2,46.4,8,11.2,22.4,4.8
"E00004679",80,13,12,42,13,45,5,6,25,9,35,8,6,17,4,16.25,15,52.5,16.25,56.25,6.25,7.5,31.25,11.25,43.75,10,7.5,21.25,5
"E00004680",115,21,9,62,23,57,10,1,31,15,58,11,8,31,8,18.2608695652174,7.82608695652174,53.9130434782609,20,49.5652173913044,8.69565217391304,0.869565217391304,26.9565217391304,13.0434782608696,50.4347826086956,9.56521739130435,6.95652173913043,26.9565217391304,6.95652173913043
"E00004681",185,20,12,104,49,91,12,5,47,27,94,8,7,57,22,10.8108108108108,6.48648648648649,56.2162162162162,26.4864864864865,49.1891891891892,6.48648648648649,2.7027027027027,25.4054054054054,14.5945945945946,50.8108108108108,4.32432432432432,3.78378378378378,30.8108108108108,11.8918918918919
"E00004682",51,4,14,29,4,31,1,8,19,3,20,3,6,10,1,7.84313725490196,27.4509803921569,56.8627450980392,7.84313725490196,60.7843137254902,1.96078431372549,15.6862745098039,37.2549019607843,5.88235294117647,39.2156862745098,5.88235294117647,11.7647058823529,19.6078431372549,1.96078431372549
"E00004683",47,8,10,26,3,25,2,4,17,2,22,6,6,9,1,17.0212765957447,21.2765957446809,55.3191489361702,6.38297872340426,53.1914893617021,4.25531914893617,8.51063829787234,36.1702127659575,4.25531914893617,46.8085106382979,12.7659574468085,12.7659574468085,19.1489361702128,2.12765957446809
"E00004684",154,13,28,93,20,72,5,7,47,13,82,8,21,46,7,8.44155844155844,18.1818181818182,60.3896103896104,12.987012987013,46.7532467532467,3.24675324675325,4.54545454545455,30.5194805194805,8.44155844155844,53.2467532467532,5.19480519480519,13.6363636363636,29.8701298701299,4.54545454545455
"E00004685",109,21,21,58,9,60,9,12,32,7,49,12,9,26,2,19.2660550458716,19.2660550458716,53.2110091743119,8.25688073394496,55.045871559633,8.25688073394496,11.0091743119266,29.3577981651376,6.42201834862385,44.954128440367,11.0091743119266,8.25688073394496,23.8532110091743,1.8348623853211
"E00004686",104,13,19,65,7,57,4,8,39,6,47,9,11,26,1,12.5,18.2692307692308,62.5,6.73076923076923,54.8076923076923,3.84615384615385,7.69230769230769,37.5,5.76923076923077,45.1923076923077,8.65384615384615,10.5769230769231,25,0.961538461538462
"E00004687",120,8,19,48,45,68,4,10,27,27,52,4,9,21,18,6.66666666666667,15.8333333333333,40,37.5,56.6666666666667,3.33333333333333,8.33333333333333,22.5,22.5,43.3333333333333,3.33333333333333,7.5,17.5,15
"E00004688",131,14,30,71,16,78,6,14,47,11,53,8,16,24,5,10.6870229007634,22.9007633587786,54.1984732824427,12.2137404580153,59.5419847328244,4.58015267175572,10.6870229007634,35.8778625954198,8.3969465648855,40.4580152671756,6.10687022900763,12.2137404580153,18.3206106870229,3.81679389312977
"E00004689",106,15,23,58,10,58,4,12,39,3,48,11,11,19,7,14.1509433962264,21.6981132075472,54.7169811320755,9.43396226415094,54.7169811320755,3.77358490566038,11.3207547169811,36.7924528301887,2.83018867924528,45.2830188679245,10.377358490566,10.377358490566,17.9245283018868,6.60377358490566
"E00004690",108,15,18,53,22,55,5,9,28,13,53,10,9,25,9,13.8888888888889,16.6666666666667,49.0740740740741,20.3703703703704,50.9259259259259,4.62962962962963,8.33333333333333,25.9259259259259,12.037037037037,49.0740740740741,9.25925925925926,8.33333333333333,23.1481481481481,8.33333333333333
"E00004691",91,13,23,45,10,50,5,12,26,7,41,8,11,19,3,14.2857142857143,25.2747252747253,49.4505494505495,10.989010989011,54.9450549450549,5.49450549450549,13.1868131868132,28.5714285714286,7.69230769230769,45.0549450549451,8.79120879120879,12.0879120879121,20.8791208791209,3.2967032967033
"E00004692",124,41,12,63,8,74,26,7,38,3,50,15,5,25,5,33.0645161290323,9.67741935483871,50.8064516129032,6.45161290322581,59.6774193548387,20.9677419354839,5.64516129032258,30.6451612903226,2.41935483870968,40.3225806451613,12.0967741935484,4.03225806451613,20.1612903225806,4.03225806451613
"E00004693",142,23,16,71,32,82,16,8,42,16,60,7,8,29,16,16.1971830985916,11.2676056338028,50,22.5352112676056,57.7464788732394,11.2676056338028,5.63380281690141,29.5774647887324,11.2676056338028,42.2535211267606,4.92957746478873,5.63380281690141,20.4225352112676,11.2676056338028
"E00004694",118,12,19,63,24,63,5,11,34,13,55,7,8,29,11,10.1694915254237,16.1016949152542,53.3898305084746,20.3389830508475,53.3898305084746,4.23728813559322,9.32203389830508,28.8135593220339,11.0169491525424,46.6101694915254,5.93220338983051,6.77966101694915,24.5762711864407,9.32203389830508
"E00004695",199,48,26,95,30,108,13,15,55,25,91,35,11,40,5,24.1206030150754,13.0653266331658,47.7386934673367,15.0753768844221,54.2713567839196,6.53266331658291,7.53768844221105,27.6381909547739,12.5628140703518,45.7286432160804,17.5879396984925,5.52763819095477,20.1005025125628,2.51256281407035
"E00004696",126,23,25,60,18,74,15,13,34,12,52,8,12,26,6,18.2539682539683,19.8412698412698,47.6190476190476,14.2857142857143,58.7301587301587,11.9047619047619,10.3174603174603,26.984126984127,9.52380952380952,41.2698412698413,6.34920634920635,9.52380952380952,20.6349206349206,4.76190476190476
"E00004697",130,18,15,64,33,66,1,13,27,25,64,17,2,37,8,13.8461538461538,11.5384615384615,49.2307692307692,25.3846153846154,50.7692307692308,0.769230769230769,10,20.7692307692308,19.2307692307692,49.2307692307692,13.0769230769231,1.53846153846154,28.4615384615385,6.15384615384615
"E00004699",44,7,9,26,2,21,2,5,12,2,23,5,4,14,0,15.9090909090909,20.4545454545455,59.0909090909091,4.54545454545455,47.7272727272727,4.54545454545455,11.3636363636364,27.2727272727273,4.54545454545455,52.2727272727273,11.3636363636364,9.09090909090909,31.8181818181818,0
"E00004700",81,14,22,38,7,46,10,7,23,6,35,4,15,15,1,17.2839506172839,27.1604938271605,46.9135802469136,8.64197530864197,56.7901234567901,12.3456790123457,8.64197530864197,28.3950617283951,7.40740740740741,43.2098765432099,4.93827160493827,18.5185185185185,18.5185185185185,1.23456790123457
"E00004701",115,7,14,74,20,53,0,6,33,14,62,7,8,41,6,6.08695652173913,12.1739130434783,64.3478260869565,17.3913043478261,46.0869565217391,0,5.21739130434783,28.695652173913,12.1739130434783,53.9130434782609,6.08695652173913,6.95652173913043,35.6521739130435,5.21739130434783
"E00004702",107,8,19,61,19,62,5,8,38,11,45,3,11,23,8,7.47663551401869,17.7570093457944,57.0093457943925,17.7570093457944,57.9439252336449,4.67289719626168,7.47663551401869,35.5140186915888,10.2803738317757,42.0560747663551,2.80373831775701,10.2803738317757,21.4953271028037,7.47663551401869
"E00004703",147,14,18,92,23,78,4,7,52,15,69,10,11,40,8,9.52380952380952,12.2448979591837,62.5850340136054,15.6462585034014,53.0612244897959,2.72108843537415,4.76190476190476,35.3741496598639,10.2040816326531,46.9387755102041,6.80272108843537,7.48299319727891,27.2108843537415,5.4421768707483
"E00004704",190,22,27,108,33,129,8,17,77,27,61,14,10,31,6,11.5789473684211,14.2105263157895,56.8421052631579,17.3684210526316,67.8947368421053,4.21052631578947,8.94736842105263,40.5263157894737,14.2105263157895,32.1052631578947,7.36842105263158,5.26315789473684,16.3157894736842,3.15789473684211
"E00004705",207,21,17,112,57,117,5,8,72,32,90,16,9,40,25,10.1449275362319,8.21256038647343,54.1062801932367,27.536231884058,56.5217391304348,2.41545893719807,3.86473429951691,34.7826086956522,15.4589371980676,43.4782608695652,7.72946859903382,4.34782608695652,19.3236714975845,12.0772946859903
"E00004706",225,17,26,129,53,134,8,12,74,40,91,9,14,55,13,7.55555555555556,11.5555555555556,57.3333333333333,23.5555555555556,59.5555555555556,3.55555555555556,5.33333333333333,32.8888888888889,17.7777777777778,40.4444444444444,4,6.22222222222222,24.4444444444444,5.77777777777778
"E00004707",260,17,32,161,50,147,10,12,92,33,113,7,20,69,17,6.53846153846154,12.3076923076923,61.9230769230769,19.2307692307692,56.5384615384615,3.84615384615385,4.61538461538462,35.3846153846154,12.6923076923077,43.4615384615385,2.69230769230769,7.69230769230769,26.5384615384615,6.53846153846154
"E00004708",116,9,11,76,20,67,7,4,44,12,49,2,7,32,8,7.75862068965517,9.48275862068965,65.5172413793103,17.2413793103448,57.7586206896552,6.03448275862069,3.44827586206897,37.9310344827586,10.3448275862069,42.2413793103448,1.72413793103448,6.03448275862069,27.5862068965517,6.89655172413793
"E00004709",189,24,28,97,40,108,13,12,51,32,81,11,16,46,8,12.6984126984127,14.8148148148148,51.3227513227513,21.1640211640212,57.1428571428571,6.87830687830688,6.34920634920635,26.984126984127,16.9312169312169,42.8571428571429,5.82010582010582,8.46560846560847,24.3386243386243,4.23280423280423
"E00004710",150,11,19,90,30,95,4,9,55,27,55,7,10,35,3,7.33333333333333,12.6666666666667,60,20,63.3333333333333,2.66666666666667,6,36.6666666666667,18,36.6666666666667,4.66666666666667,6.66666666666667,23.3333333333333,2
"E00004711",159,10,26,84,39,91,2,13,47,29,68,8,13,37,10,6.28930817610063,16.3522012578616,52.8301886792453,24.5283018867925,57.2327044025157,1.25786163522013,8.17610062893082,29.559748427673,18.2389937106918,42.7672955974843,5.0314465408805,8.17610062893082,23.2704402515723,6.28930817610063
"E00004712",169,15,20,92,42,101,5,12,53,31,68,10,8,39,11,8.87573964497041,11.8343195266272,54.4378698224852,24.8520710059172,59.7633136094675,2.9585798816568,7.10059171597633,31.3609467455621,18.3431952662722,40.2366863905325,5.91715976331361,4.73372781065089,23.0769230769231,6.50887573964497
"E00004713",82,5,11,59,7,40,1,3,31,5,42,4,8,28,2,6.09756097560976,13.4146341463415,71.9512195121951,8.53658536585366,48.780487804878,1.21951219512195,3.65853658536585,37.8048780487805,6.09756097560976,51.219512195122,4.8780487804878,9.75609756097561,34.1463414634146,2.4390243902439
"E00004714",184,9,15,102,58,96,3,4,51,38,88,6,11,51,20,4.89130434782609,8.15217391304348,55.4347826086957,31.5217391304348,52.1739130434783,1.6304347826087,2.17391304347826,27.7173913043478,20.6521739130435,47.8260869565217,3.26086956521739,5.97826086956522,27.7173913043478,10.8695652173913
"E00004715",127,9,16,96,6,59,1,6,48,4,68,8,10,48,2,7.08661417322835,12.5984251968504,75.5905511811024,4.7244094488189,46.4566929133858,0.78740157480315,4.7244094488189,37.7952755905512,3.1496062992126,53.5433070866142,6.2992125984252,7.8740157480315,37.7952755905512,1.5748031496063
"E00004716",114,12,26,68,8,62,5,8,43,6,52,7,18,25,2,10.5263157894737,22.8070175438596,59.6491228070175,7.01754385964912,54.3859649122807,4.3859649122807,7.01754385964912,37.719298245614,5.26315789473684,45.6140350877193,6.14035087719298,15.7894736842105,21.9298245614035,1.75438596491228
"E00004717",91,6,12,61,12,50,2,1,37,10,41,4,11,24,2,6.59340659340659,13.1868131868132,67.032967032967,13.1868131868132,54.9450549450549,2.1978021978022,1.0989010989011,40.6593406593407,10.989010989011,45.0549450549451,4.3956043956044,12.0879120879121,26.3736263736264,2.1978021978022
"E00004718",114,23,27,57,7,60,11,12,33,4,54,12,15,24,3,20.1754385964912,23.6842105263158,50,6.14035087719298,52.6315789473684,9.64912280701754,10.5263157894737,28.9473684210526,3.50877192982456,47.3684210526316,10.5263157894737,13.1578947368421,21.0526315789474,2.63157894736842
"E00004719",169,15,28,111,15,94,9,15,61,9,75,6,13,50,6,8.87573964497041,16.5680473372781,65.6804733727811,8.87573964497041,55.6213017751479,5.32544378698225,8.87573964497041,36.094674556213,5.32544378698225,44.3786982248521,3.55029585798817,7.69230769230769,29.585798816568,3.55029585798817
"E00004720",126,5,16,97,8,47,1,0,43,3,79,4,16,54,5,3.96825396825397,12.6984126984127,76.984126984127,6.34920634920635,37.3015873015873,0.793650793650794,0,34.1269841269841,2.38095238095238,62.6984126984127,3.17460317460317,12.6984126984127,42.8571428571429,3.96825396825397
"E00004721",112,17,25,67,3,64,5,17,40,2,48,12,8,27,1,15.1785714285714,22.3214285714286,59.8214285714286,2.67857142857143,57.1428571428571,4.46428571428571,15.1785714285714,35.7142857142857,1.78571428571429,42.8571428571429,10.7142857142857,7.14285714285714,24.1071428571429,0.892857142857143
"E00004722",94,7,28,47,12,52,3,12,28,9,42,4,16,19,3,7.4468085106383,29.7872340425532,50,12.7659574468085,55.3191489361702,3.19148936170213,12.7659574468085,29.7872340425532,9.57446808510638,44.6808510638298,4.25531914893617,17.0212765957447,20.2127659574468,3.19148936170213
"E00004723",86,10,14,50,12,39,2,3,24,10,47,8,11,26,2,11.6279069767442,16.2790697674419,58.1395348837209,13.953488372093,45.3488372093023,2.32558139534884,3.48837209302326,27.906976744186,11.6279069767442,54.6511627906977,9.30232558139535,12.7906976744186,30.2325581395349,2.32558139534884
"E00004724",127,18,24,69,16,77,10,15,39,13,50,8,9,30,3,14.1732283464567,18.8976377952756,54.3307086614173,12.5984251968504,60.6299212598425,7.8740157480315,11.8110236220472,30.7086614173228,10.2362204724409,39.3700787401575,6.2992125984252,7.08661417322835,23.6220472440945,2.36220472440945
"E00004725",111,15,36,44,16,60,3,17,29,11,51,12,19,15,5,13.5135135135135,32.4324324324324,39.6396396396396,14.4144144144144,54.0540540540541,2.7027027027027,15.3153153153153,26.1261261261261,9.90990990990991,45.945945945946,10.8108108108108,17.1171171171171,13.5135135135135,4.5045045045045
"E00004726",83,14,17,40,12,48,8,10,20,10,35,6,7,20,2,16.8674698795181,20.4819277108434,48.1927710843374,14.4578313253012,57.8313253012048,9.63855421686747,12.0481927710843,24.0963855421687,12.0481927710843,42.1686746987952,7.2289156626506,8.43373493975904,24.0963855421687,2.40963855421687
"E00004727",127,21,31,66,9,65,9,17,34,5,62,12,14,32,4,16.5354330708661,24.4094488188976,51.9685039370079,7.08661417322835,51.1811023622047,7.08661417322835,13.3858267716535,26.7716535433071,3.93700787401575,48.8188976377953,9.44881889763779,11.0236220472441,25.1968503937008,3.1496062992126
"E00004728",167,19,38,97,13,97,6,22,61,8,70,13,16,36,5,11.377245508982,22.7544910179641,58.0838323353293,7.78443113772455,58.0838323353293,3.59281437125748,13.1736526946108,36.5269461077844,4.79041916167665,41.9161676646707,7.78443113772455,9.58083832335329,21.5568862275449,2.9940119760479
"E00004729",76,10,17,44,5,33,5,6,19,3,43,5,11,25,2,13.1578947368421,22.3684210526316,57.8947368421053,6.57894736842105,43.421052631579,6.57894736842105,7.89473684210526,25,3.94736842105263,56.578947368421,6.57894736842105,14.4736842105263,32.8947368421053,2.63157894736842
"E00004730",59,6,15,31,7,33,3,10,14,6,26,3,5,17,1,10.1694915254237,25.4237288135593,52.5423728813559,11.864406779661,55.9322033898305,5.08474576271187,16.9491525423729,23.728813559322,10.1694915254237,44.0677966101695,5.08474576271187,8.47457627118644,28.8135593220339,1.69491525423729
"E00004731",165,15,20,98,32,96,4,11,57,24,69,11,9,41,8,9.09090909090909,12.1212121212121,59.3939393939394,19.3939393939394,58.1818181818182,2.42424242424242,6.66666666666667,34.5454545454545,14.5454545454545,41.8181818181818,6.66666666666667,5.45454545454545,24.8484848484848,4.84848484848485
"E00004732",134,29,26,72,7,78,15,15,44,4,56,14,11,28,3,21.6417910447761,19.4029850746269,53.7313432835821,5.22388059701492,58.2089552238806,11.1940298507463,11.1940298507463,32.8358208955224,2.98507462686567,41.7910447761194,10.4477611940298,8.2089552238806,20.8955223880597,2.23880597014925
"E00004733",142,9,20,86,27,76,1,11,49,15,66,8,9,37,12,6.33802816901408,14.0845070422535,60.5633802816901,19.0140845070423,53.5211267605634,0.704225352112676,7.74647887323944,34.5070422535211,10.5633802816901,46.4788732394366,5.63380281690141,6.33802816901408,26.056338028169,8.45070422535211
"E00004734",112,14,24,59,15,59,4,14,31,10,53,10,10,28,5,12.5,21.4285714285714,52.6785714285714,13.3928571428571,52.6785714285714,3.57142857142857,12.5,27.6785714285714,8.92857142857143,47.3214285714286,8.92857142857143,8.92857142857143,25,4.46428571428571
"E00004735",94,4,28,54,8,47,1,11,28,7,47,3,17,26,1,4.25531914893617,29.7872340425532,57.4468085106383,8.51063829787234,50,1.06382978723404,11.7021276595745,29.7872340425532,7.4468085106383,50,3.19148936170213,18.0851063829787,27.6595744680851,1.06382978723404
"E00004736",122,12,15,78,17,63,9,10,36,8,59,3,5,42,9,9.83606557377049,12.2950819672131,63.9344262295082,13.9344262295082,51.6393442622951,7.37704918032787,8.19672131147541,29.5081967213115,6.55737704918033,48.3606557377049,2.45901639344262,4.0983606557377,34.4262295081967,7.37704918032787
"E00004738",169,10,24,104,31,85,1,8,58,18,84,9,16,46,13,5.91715976331361,14.2011834319527,61.5384615384615,18.3431952662722,50.2958579881657,0.591715976331361,4.73372781065089,34.3195266272189,10.6508875739645,49.7041420118343,5.32544378698225,9.46745562130178,27.2189349112426,7.69230769230769
"E00004739",168,14,14,119,21,94,8,9,64,13,74,6,5,55,8,8.33333333333333,8.33333333333333,70.8333333333333,12.5,55.952380952381,4.76190476190476,5.35714285714286,38.0952380952381,7.73809523809524,44.047619047619,3.57142857142857,2.97619047619048,32.7380952380952,4.76190476190476
"E00004740",100,9,28,56,7,53,1,20,28,4,47,8,8,28,3,9,28,56,7,53,1,20,28,4,47,8,8,28,3
"E00004741",143,7,23,95,18,76,5,10,53,8,67,2,13,42,10,4.89510489510489,16.0839160839161,66.4335664335664,12.5874125874126,53.1468531468531,3.4965034965035,6.99300699300699,37.0629370629371,5.59440559440559,46.8531468531469,1.3986013986014,9.09090909090909,29.3706293706294,6.99300699300699
"E00004742",221,29,30,106,56,149,13,21,69,46,72,16,9,37,10,13.1221719457014,13.5746606334842,47.9638009049774,25.3393665158371,67.420814479638,5.88235294117647,9.50226244343891,31.2217194570136,20.8144796380091,32.579185520362,7.23981900452489,4.07239819004525,16.7420814479638,4.52488687782805
"E00004743",145,21,28,78,18,84,9,16,45,14,61,12,12,33,4,14.4827586206897,19.3103448275862,53.7931034482759,12.4137931034483,57.9310344827586,6.20689655172414,11.0344827586207,31.0344827586207,9.6551724137931,42.0689655172414,8.27586206896552,8.27586206896552,22.7586206896552,2.75862068965517
"E00004744",128,24,26,68,10,65,11,11,34,9,63,13,15,34,1,18.75,20.3125,53.125,7.8125,50.78125,8.59375,8.59375,26.5625,7.03125,49.21875,10.15625,11.71875,26.5625,0.78125
"E00004745",91,15,16,54,6,54,6,9,34,5,37,9,7,20,1,16.4835164835165,17.5824175824176,59.3406593406593,6.59340659340659,59.3406593406593,6.59340659340659,9.89010989010989,37.3626373626374,5.49450549450549,40.6593406593407,9.89010989010989,7.69230769230769,21.978021978022,1.0989010989011
"E00004746",117,15,28,67,7,63,8,12,37,6,54,7,16,30,1,12.8205128205128,23.9316239316239,57.2649572649573,5.98290598290598,53.8461538461538,6.83760683760684,10.2564102564103,31.6239316239316,5.12820512820513,46.1538461538462,5.98290598290598,13.6752136752137,25.6410256410256,0.854700854700855
"E00004747",114,28,19,54,13,62,7,9,35,11,52,21,10,19,2,24.5614035087719,16.6666666666667,47.3684210526316,11.4035087719298,54.3859649122807,6.14035087719298,7.89473684210526,30.7017543859649,9.64912280701754,45.6140350877193,18.4210526315789,8.7719298245614,16.6666666666667,1.75438596491228
"E00004748",135,26,33,63,13,80,16,18,36,10,55,10,15,27,3,19.2592592592593,24.4444444444444,46.6666666666667,9.62962962962963,59.2592592592593,11.8518518518519,13.3333333333333,26.6666666666667,7.40740740740741,40.7407407407407,7.40740740740741,11.1111111111111,20,2.22222222222222
"E00004749",183,26,39,100,18,97,10,16,57,14,86,16,23,43,4,14.207650273224,21.3114754098361,54.6448087431694,9.83606557377049,53.0054644808743,5.46448087431694,8.7431693989071,31.1475409836066,7.65027322404372,46.9945355191257,8.7431693989071,12.568306010929,23.4972677595628,2.18579234972678
"E00004750",176,19,23,115,19,89,5,13,59,12,87,14,10,56,7,10.7954545454545,13.0681818181818,65.3409090909091,10.7954545454545,50.5681818181818,2.84090909090909,7.38636363636364,33.5227272727273,6.81818181818182,49.4318181818182,7.95454545454545,5.68181818181818,31.8181818181818,3.97727272727273
"E00004751",86,10,16,51,9,37,4,5,24,4,49,6,11,27,5,11.6279069767442,18.6046511627907,59.3023255813954,10.4651162790698,43.0232558139535,4.65116279069767,5.81395348837209,27.906976744186,4.65116279069767,56.9767441860465,6.97674418604651,12.7906976744186,31.3953488372093,5.81395348837209
"E00004752",152,10,34,84,24,77,4,14,41,18,75,6,20,43,6,6.57894736842105,22.3684210526316,55.2631578947368,15.7894736842105,50.6578947368421,2.63157894736842,9.21052631578947,26.9736842105263,11.8421052631579,49.3421052631579,3.94736842105263,13.1578947368421,28.2894736842105,3.94736842105263
"E00004753",115,12,30,65,8,59,1,14,38,6,56,11,16,27,2,10.4347826086957,26.0869565217391,56.5217391304348,6.95652173913043,51.304347826087,0.869565217391304,12.1739130434783,33.0434782608696,5.21739130434783,48.695652173913,9.56521739130435,13.9130434782609,23.4782608695652,1.73913043478261
"E00004754",133,17,23,76,17,61,7,7,36,11,72,10,16,40,6,12.781954887218,17.2932330827068,57.1428571428571,12.781954887218,45.8646616541353,5.26315789473684,5.26315789473684,27.0676691729323,8.27067669172932,54.1353383458647,7.5187969924812,12.0300751879699,30.0751879699248,4.51127819548872
"E00004755",71,11,17,35,8,37,4,7,20,6,34,7,10,15,2,15.4929577464789,23.943661971831,49.2957746478873,11.2676056338028,52.112676056338,5.63380281690141,9.85915492957746,28.169014084507,8.45070422535211,47.887323943662,9.85915492957746,14.0845070422535,21.1267605633803,2.8169014084507
"E00004756",109,12,21,55,21,56,6,11,22,17,53,6,10,33,4,11.0091743119266,19.2660550458716,50.4587155963303,19.2660550458716,51.3761467889908,5.5045871559633,10.0917431192661,20.1834862385321,15.5963302752294,48.6238532110092,5.5045871559633,9.1743119266055,30.2752293577982,3.6697247706422
"E00004757",86,8,20,50,8,47,3,9,29,6,39,5,11,21,2,9.30232558139535,23.2558139534884,58.1395348837209,9.30232558139535,54.6511627906977,3.48837209302326,10.4651162790698,33.7209302325581,6.97674418604651,45.3488372093023,5.81395348837209,12.7906976744186,24.4186046511628,2.32558139534884
"E00004758",67,7,20,31,9,41,3,8,23,7,26,4,12,8,2,10.4477611940298,29.8507462686567,46.2686567164179,13.4328358208955,61.1940298507463,4.47761194029851,11.9402985074627,34.3283582089552,10.4477611940298,38.8059701492537,5.97014925373134,17.910447761194,11.9402985074627,2.98507462686567
"E00004759",87,8,16,52,11,47,3,7,28,9,40,5,9,24,2,9.19540229885057,18.3908045977011,59.7701149425287,12.6436781609195,54.0229885057471,3.44827586206897,8.04597701149425,32.183908045977,10.3448275862069,45.9770114942529,5.74712643678161,10.3448275862069,27.5862068965517,2.29885057471264
"E00004760",67,7,14,45,1,27,2,4,20,1,40,5,10,25,0,10.4477611940298,20.8955223880597,67.1641791044776,1.49253731343284,40.2985074626866,2.98507462686567,5.97014925373134,29.8507462686567,1.49253731343284,59.7014925373134,7.46268656716418,14.9253731343284,37.3134328358209,0
"E00004761",139,7,49,65,18,68,2,23,27,16,71,5,26,38,2,5.03597122302158,35.2517985611511,46.7625899280576,12.9496402877698,48.9208633093525,1.43884892086331,16.5467625899281,19.4244604316547,11.5107913669065,51.0791366906475,3.59712230215827,18.705035971223,27.3381294964029,1.43884892086331
"E00004762",76,15,16,37,8,37,5,7,20,5,39,10,9,17,3,19.7368421052632,21.0526315789474,48.6842105263158,10.5263157894737,48.6842105263158,6.57894736842105,9.21052631578947,26.3157894736842,6.57894736842105,51.3157894736842,13.1578947368421,11.8421052631579,22.3684210526316,3.94736842105263
"E00004763",97,14,8,63,12,45,5,4,29,7,52,9,4,34,5,14.4329896907216,8.24742268041237,64.9484536082474,12.3711340206186,46.3917525773196,5.15463917525773,4.12371134020619,29.8969072164948,7.21649484536082,53.6082474226804,9.27835051546392,4.12371134020619,35.0515463917526,5.15463917525773
"E00004764",90,20,18,40,12,52,9,9,24,10,38,11,9,16,2,22.2222222222222,20,44.4444444444444,13.3333333333333,57.7777777777778,10,10,26.6666666666667,11.1111111111111,42.2222222222222,12.2222222222222,10,17.7777777777778,2.22222222222222
"E00004765",85,7,21,50,7,46,2,11,29,4,39,5,10,21,3,8.23529411764706,24.7058823529412,58.8235294117647,8.23529411764706,54.1176470588235,2.35294117647059,12.9411764705882,34.1176470588235,4.70588235294118,45.8823529411765,5.88235294117647,11.7647058823529,24.7058823529412,3.52941176470588
"E00004766",163,5,14,97,47,98,1,4,62,31,65,4,10,35,16,3.06748466257669,8.58895705521472,59.5092024539877,28.8343558282209,60.1226993865031,0.613496932515337,2.45398773006135,38.0368098159509,19.0184049079755,39.8773006134969,2.45398773006135,6.13496932515337,21.4723926380368,9.8159509202454
"E00004767",195,6,22,94,73,100,2,7,42,49,95,4,15,52,24,3.07692307692308,11.2820512820513,48.2051282051282,37.4358974358974,51.2820512820513,1.02564102564103,3.58974358974359,21.5384615384615,25.1282051282051,48.7179487179487,2.05128205128205,7.69230769230769,26.6666666666667,12.3076923076923
"E00004768",152,7,6,78,61,87,2,3,42,40,65,5,3,36,21,4.60526315789474,3.94736842105263,51.3157894736842,40.1315789473684,57.2368421052632,1.31578947368421,1.97368421052632,27.6315789473684,26.3157894736842,42.7631578947368,3.28947368421053,1.97368421052632,23.6842105263158,13.8157894736842
"E00004769",181,7,17,108,49,94,3,6,58,27,87,4,11,50,22,3.86740331491713,9.39226519337017,59.6685082872928,27.0718232044199,51.9337016574586,1.65745856353591,3.31491712707182,32.0441988950276,14.9171270718232,48.0662983425414,2.20994475138122,6.07734806629834,27.6243093922652,12.1546961325967
"E00004770",121,10,13,60,38,62,5,2,32,23,59,5,11,28,15,8.26446280991736,10.7438016528926,49.5867768595041,31.404958677686,51.2396694214876,4.13223140495868,1.65289256198347,26.4462809917355,19.0082644628099,48.7603305785124,4.13223140495868,9.09090909090909,23.1404958677686,12.396694214876
"E00004771",154,11,20,76,47,75,1,5,37,32,79,10,15,39,15,7.14285714285714,12.987012987013,49.3506493506493,30.5194805194805,48.7012987012987,0.649350649350649,3.24675324675325,24.025974025974,20.7792207792208,51.2987012987013,6.49350649350649,9.74025974025974,25.3246753246753,9.74025974025974
"E00004772",157,13,16,68,60,77,1,1,32,43,80,12,15,36,17,8.28025477707006,10.1910828025478,43.312101910828,38.2165605095541,49.0445859872611,0.636942675159236,0.636942675159236,20.3821656050955,27.3885350318471,50.9554140127389,7.64331210191083,9.55414012738854,22.9299363057325,10.828025477707
"E00004773",158,7,15,83,53,89,3,4,48,34,69,4,11,35,19,4.43037974683544,9.49367088607595,52.5316455696203,33.5443037974684,56.3291139240506,1.89873417721519,2.53164556962025,30.379746835443,21.5189873417722,43.6708860759494,2.53164556962025,6.9620253164557,22.1518987341772,12.0253164556962
"E00004774",130,5,18,76,31,72,2,5,46,19,58,3,13,30,12,3.84615384615385,13.8461538461538,58.4615384615385,23.8461538461538,55.3846153846154,1.53846153846154,3.84615384615385,35.3846153846154,14.6153846153846,44.6153846153846,2.30769230769231,10,23.0769230769231,9.23076923076923
"E00004775",158,12,13,80,53,82,4,3,39,36,76,8,10,41,17,7.59493670886076,8.22784810126582,50.6329113924051,33.5443037974684,51.8987341772152,2.53164556962025,1.89873417721519,24.6835443037975,22.7848101265823,48.1012658227848,5.06329113924051,6.32911392405063,25.9493670886076,10.7594936708861
"E00004776",207,6,28,114,59,102,1,9,53,39,105,5,19,61,20,2.89855072463768,13.5265700483092,55.0724637681159,28.5024154589372,49.2753623188406,0.483091787439614,4.34782608695652,25.6038647342995,18.8405797101449,50.7246376811594,2.41545893719807,9.17874396135266,29.4685990338164,9.66183574879227
"E00004777",105,11,24,50,20,53,5,13,21,14,52,6,11,29,6,10.4761904761905,22.8571428571429,47.6190476190476,19.047619047619,50.4761904761905,4.76190476190476,12.3809523809524,20,13.3333333333333,49.5238095238095,5.71428571428571,10.4761904761905,27.6190476190476,5.71428571428571
"E00004778",110,11,10,47,42,69,4,5,30,30,41,7,5,17,12,10,9.09090909090909,42.7272727272727,38.1818181818182,62.7272727272727,3.63636363636364,4.54545454545455,27.2727272727273,27.2727272727273,37.2727272727273,6.36363636363636,4.54545454545455,15.4545454545455,10.9090909090909
"E00004779",124,15,9,59,41,80,5,5,38,32,44,10,4,21,9,12.0967741935484,7.25806451612903,47.5806451612903,33.0645161290323,64.5161290322581,4.03225806451613,4.03225806451613,30.6451612903226,25.8064516129032,35.4838709677419,8.06451612903226,3.2258064516129,16.9354838709677,7.25806451612903
"E00004780",116,6,5,70,35,78,3,3,46,26,38,3,2,24,9,5.17241379310345,4.31034482758621,60.3448275862069,30.1724137931034,67.2413793103448,2.58620689655172,2.58620689655172,39.6551724137931,22.4137931034483,32.7586206896552,2.58620689655172,1.72413793103448,20.6896551724138,7.75862068965517
"E00004781",140,8,25,73,34,73,4,8,35,26,67,4,17,38,8,5.71428571428571,17.8571428571429,52.1428571428571,24.2857142857143,52.1428571428571,2.85714285714286,5.71428571428571,25,18.5714285714286,47.8571428571429,2.85714285714286,12.1428571428571,27.1428571428571,5.71428571428571
"E00004782",93,5,7,42,39,61,2,3,23,33,32,3,4,19,6,5.37634408602151,7.52688172043011,45.1612903225806,41.9354838709677,65.5913978494624,2.1505376344086,3.2258064516129,24.7311827956989,35.4838709677419,34.4086021505376,3.2258064516129,4.3010752688172,20.4301075268817,6.45161290322581
"E00004783",117,9,17,59,32,68,4,7,34,23,49,5,10,25,9,7.69230769230769,14.5299145299145,50.4273504273504,27.3504273504274,58.1196581196581,3.41880341880342,5.98290598290598,29.0598290598291,19.6581196581197,41.8803418803419,4.27350427350427,8.54700854700855,21.3675213675214,7.69230769230769
"E00004784",98,10,9,51,28,54,6,5,22,21,44,4,4,29,7,10.2040816326531,9.18367346938776,52.0408163265306,28.5714285714286,55.1020408163265,6.12244897959184,5.10204081632653,22.4489795918367,21.4285714285714,44.8979591836735,4.08163265306122,4.08163265306122,29.5918367346939,7.14285714285714
"E00004785",116,9,18,74,15,54,3,5,38,8,62,6,13,36,7,7.75862068965517,15.5172413793103,63.7931034482759,12.9310344827586,46.551724137931,2.58620689655172,4.31034482758621,32.7586206896552,6.89655172413793,53.448275862069,5.17241379310345,11.2068965517241,31.0344827586207,6.03448275862069
"E00004786",105,12,8,57,28,53,5,4,26,18,52,7,4,31,10,11.4285714285714,7.61904761904762,54.2857142857143,26.6666666666667,50.4761904761905,4.76190476190476,3.80952380952381,24.7619047619048,17.1428571428571,49.5238095238095,6.66666666666667,3.80952380952381,29.5238095238095,9.52380952380952
"E00004787",167,11,19,87,50,80,2,6,42,30,87,9,13,45,20,6.58682634730539,11.377245508982,52.0958083832335,29.940119760479,47.9041916167665,1.19760479041916,3.59281437125748,25.1497005988024,17.9640718562874,52.0958083832335,5.38922155688623,7.78443113772455,26.9461077844311,11.9760479041916
"E00004788",165,8,11,95,51,81,1,5,46,29,84,7,6,49,22,4.84848484848485,6.66666666666667,57.5757575757576,30.9090909090909,49.0909090909091,0.606060606060606,3.03030303030303,27.8787878787879,17.5757575757576,50.9090909090909,4.24242424242424,3.63636363636364,29.6969696969697,13.3333333333333
"E00004789",77,9,22,31,15,44,6,10,17,11,33,3,12,14,4,11.6883116883117,28.5714285714286,40.2597402597403,19.4805194805195,57.1428571428571,7.79220779220779,12.987012987013,22.0779220779221,14.2857142857143,42.8571428571429,3.8961038961039,15.5844155844156,18.1818181818182,5.19480519480519
"E00004790",161,8,22,83,48,78,2,10,38,28,83,6,12,45,20,4.96894409937888,13.6645962732919,51.5527950310559,29.8136645962733,48.4472049689441,1.24223602484472,6.2111801242236,23.6024844720497,17.3913043478261,51.5527950310559,3.72670807453416,7.45341614906832,27.9503105590062,12.4223602484472
"E00004791",122,6,16,62,38,58,1,7,25,25,64,5,9,37,13,4.91803278688525,13.1147540983607,50.8196721311475,31.1475409836066,47.5409836065574,0.819672131147541,5.73770491803279,20.4918032786885,20.4918032786885,52.4590163934426,4.0983606557377,7.37704918032787,30.327868852459,10.655737704918
"E00004792",161,7,18,80,56,83,4,5,31,43,78,3,13,49,13,4.34782608695652,11.1801242236025,49.6894409937888,34.7826086956522,51.5527950310559,2.48447204968944,3.1055900621118,19.2546583850932,26.7080745341615,48.4472049689441,1.86335403726708,8.07453416149068,30.4347826086957,8.07453416149068
"E00004793",132,4,11,72,45,76,3,3,38,32,56,1,8,34,13,3.03030303030303,8.33333333333333,54.5454545454545,34.0909090909091,57.5757575757576,2.27272727272727,2.27272727272727,28.7878787878788,24.2424242424242,42.4242424242424,0.757575757575758,6.06060606060606,25.7575757575758,9.84848484848485
"E00004794",183,25,34,79,45,96,6,16,43,31,87,19,18,36,14,13.6612021857924,18.5792349726776,43.1693989071038,24.5901639344262,52.4590163934426,3.27868852459016,8.7431693989071,23.4972677595628,16.9398907103825,47.5409836065574,10.3825136612022,9.83606557377049,19.672131147541,7.65027322404372
"E00004795",144,6,14,69,55,76,2,6,33,35,68,4,8,36,20,4.16666666666667,9.72222222222222,47.9166666666667,38.1944444444444,52.7777777777778,1.38888888888889,4.16666666666667,22.9166666666667,24.3055555555556,47.2222222222222,2.77777777777778,5.55555555555556,25,13.8888888888889
"E00004796",176,12,20,93,51,90,3,9,46,32,86,9,11,47,19,6.81818181818182,11.3636363636364,52.8409090909091,28.9772727272727,51.1363636363636,1.70454545454545,5.11363636363636,26.1363636363636,18.1818181818182,48.8636363636364,5.11363636363636,6.25,26.7045454545455,10.7954545454545
"E00004797",125,12,24,71,18,59,5,10,32,12,66,7,14,39,6,9.6,19.2,56.8,14.4,47.2,4,8,25.6,9.6,52.8,5.6,11.2,31.2,4.8
"E00004798",157,3,16,84,54,80,2,2,38,38,77,1,14,46,16,1.91082802547771,10.1910828025478,53.5031847133758,34.3949044585987,50.9554140127389,1.27388535031847,1.27388535031847,24.203821656051,24.203821656051,49.0445859872611,0.636942675159236,8.9171974522293,29.2993630573248,10.1910828025478
"E00004799",194,7,19,103,65,95,1,7,43,44,99,6,12,60,21,3.60824742268041,9.79381443298969,53.0927835051546,33.5051546391753,48.9690721649485,0.515463917525773,3.60824742268041,22.1649484536082,22.680412371134,51.0309278350515,3.09278350515464,6.18556701030928,30.9278350515464,10.8247422680412
"E00004801",200,18,15,115,52,91,5,7,49,30,109,13,8,66,22,9,7.5,57.5,26,45.5,2.5,3.5,24.5,15,54.5,6.5,4,33,11
"E00004802",151,5,13,93,40,71,2,3,38,28,80,3,10,55,12,3.3112582781457,8.60927152317881,61.5894039735099,26.4900662251656,47.0198675496689,1.32450331125828,1.98675496688742,25.1655629139073,18.5430463576159,52.9801324503311,1.98675496688742,6.62251655629139,36.4238410596026,7.94701986754967
"E00004803",92,5,9,62,16,44,0,3,29,12,48,5,6,33,4,5.43478260869565,9.78260869565217,67.3913043478261,17.3913043478261,47.8260869565217,0,3.26086956521739,31.5217391304348,13.0434782608696,52.1739130434783,5.43478260869565,6.52173913043478,35.8695652173913,4.34782608695652
"E00004804",167,5,10,95,57,82,3,3,40,36,85,2,7,55,21,2.9940119760479,5.98802395209581,56.8862275449102,34.1317365269461,49.1017964071856,1.79640718562874,1.79640718562874,23.9520958083832,21.5568862275449,50.8982035928144,1.19760479041916,4.19161676646707,32.9341317365269,12.5748502994012
"E00004805",87,8,16,54,9,42,5,7,22,8,45,3,9,32,1,9.19540229885057,18.3908045977011,62.0689655172414,10.3448275862069,48.2758620689655,5.74712643678161,8.04597701149425,25.2873563218391,9.19540229885057,51.7241379310345,3.44827586206897,10.3448275862069,36.7816091954023,1.14942528735632
"E00004806",187,10,16,113,48,96,2,5,56,33,91,8,11,57,15,5.3475935828877,8.55614973262032,60.427807486631,25.668449197861,51.3368983957219,1.06951871657754,2.67379679144385,29.9465240641711,17.6470588235294,48.6631016042781,4.27807486631016,5.88235294117647,30.4812834224599,8.02139037433155
"E00004807",107,6,13,56,32,52,2,5,25,20,55,4,8,31,12,5.60747663551402,12.1495327102804,52.3364485981308,29.9065420560748,48.5981308411215,1.86915887850467,4.67289719626168,23.3644859813084,18.6915887850467,51.4018691588785,3.73831775700935,7.47663551401869,28.9719626168224,11.214953271028
"E00004808",126,10,9,71,36,61,3,4,29,25,65,7,5,42,11,7.93650793650794,7.14285714285714,56.3492063492063,28.5714285714286,48.4126984126984,2.38095238095238,3.17460317460317,23.015873015873,19.8412698412698,51.5873015873016,5.55555555555556,3.96825396825397,33.3333333333333,8.73015873015873
"E00004809",117,10,11,48,48,69,3,7,24,35,48,7,4,24,13,8.54700854700855,9.4017094017094,41.025641025641,41.025641025641,58.974358974359,2.56410256410256,5.98290598290598,20.5128205128205,29.9145299145299,41.025641025641,5.98290598290598,3.41880341880342,20.5128205128205,11.1111111111111
"E00004810",194,10,17,104,63,98,2,7,51,38,96,8,10,53,25,5.15463917525773,8.76288659793814,53.6082474226804,32.4742268041237,50.5154639175258,1.03092783505155,3.60824742268041,26.2886597938144,19.5876288659794,49.4845360824742,4.12371134020619,5.15463917525773,27.319587628866,12.8865979381443
"E00004811",185,12,15,94,64,96,7,4,45,40,89,5,11,49,24,6.48648648648649,8.10810810810811,50.8108108108108,34.5945945945946,51.8918918918919,3.78378378378378,2.16216216216216,24.3243243243243,21.6216216216216,48.1081081081081,2.7027027027027,5.94594594594595,26.4864864864865,12.972972972973
"E00004812",167,14,23,99,31,66,6,6,37,17,101,8,17,62,14,8.38323353293413,13.7724550898204,59.2814371257485,18.562874251497,39.5209580838323,3.59281437125748,3.59281437125748,22.1556886227545,10.1796407185629,60.4790419161677,4.79041916167665,10.1796407185629,37.125748502994,8.38323353293413
"E00004813",211,15,19,105,72,120,7,9,57,47,91,8,10,48,25,7.10900473933649,9.00473933649289,49.7630331753554,34.1232227488152,56.8720379146919,3.3175355450237,4.2654028436019,27.0142180094787,22.2748815165877,43.1279620853081,3.7914691943128,4.739336492891,22.7488151658768,11.8483412322275
"E00004814",153,8,14,77,54,77,2,5,37,33,76,6,9,40,21,5.22875816993464,9.15032679738562,50.3267973856209,35.2941176470588,50.3267973856209,1.30718954248366,3.26797385620915,24.1830065359477,21.5686274509804,49.6732026143791,3.92156862745098,5.88235294117647,26.1437908496732,13.7254901960784
"E00004815",272,24,31,157,60,147,9,11,89,38,125,15,20,68,22,8.82352941176471,11.3970588235294,57.7205882352941,22.0588235294118,54.0441176470588,3.30882352941176,4.04411764705882,32.7205882352941,13.9705882352941,45.9558823529412,5.51470588235294,7.35294117647059,25,8.08823529411765
"E00004816",169,9,21,99,40,88,2,8,52,26,81,7,13,47,14,5.32544378698225,12.4260355029586,58.5798816568047,23.6686390532544,52.0710059171598,1.18343195266272,4.73372781065089,30.7692307692308,15.3846153846154,47.9289940828402,4.14201183431953,7.69230769230769,27.810650887574,8.28402366863905
"E00004817",152,15,29,64,44,75,6,9,31,29,77,9,20,33,15,9.86842105263158,19.0789473684211,42.1052631578947,28.9473684210526,49.3421052631579,3.94736842105263,5.92105263157895,20.3947368421053,19.0789473684211,50.6578947368421,5.92105263157895,13.1578947368421,21.7105263157895,9.86842105263158
"E00004818",164,7,12,97,48,94,1,5,57,31,70,6,7,40,17,4.26829268292683,7.31707317073171,59.1463414634146,29.2682926829268,57.3170731707317,0.609756097560976,3.04878048780488,34.7560975609756,18.9024390243902,42.6829268292683,3.65853658536585,4.26829268292683,24.390243902439,10.3658536585366
"E00004819",202,8,27,113,54,96,2,7,53,34,106,6,20,60,20,3.96039603960396,13.3663366336634,55.9405940594059,26.7326732673267,47.5247524752475,0.99009900990099,3.46534653465347,26.2376237623762,16.8316831683168,52.4752475247525,2.97029702970297,9.9009900990099,29.7029702970297,9.9009900990099
"E00004820",218,8,21,117,72,104,4,3,52,45,114,4,18,65,27,3.6697247706422,9.63302752293578,53.6697247706422,33.0275229357798,47.7064220183486,1.8348623853211,1.37614678899083,23.8532110091743,20.6422018348624,52.2935779816514,1.8348623853211,8.25688073394496,29.8165137614679,12.3853211009174
"E00004821",137,9,8,83,37,78,4,4,44,26,59,5,4,39,11,6.56934306569343,5.83941605839416,60.5839416058394,27.007299270073,56.9343065693431,2.91970802919708,2.91970802919708,32.1167883211679,18.978102189781,43.0656934306569,3.64963503649635,2.91970802919708,28.4671532846715,8.02919708029197
"E00004822",201,13,21,127,40,105,2,7,75,21,96,11,14,52,19,6.46766169154229,10.4477611940298,63.18407960199,19.9004975124378,52.2388059701493,0.995024875621891,3.48258706467662,37.3134328358209,10.4477611940298,47.7611940298507,5.4726368159204,6.96517412935323,25.8706467661692,9.45273631840796
"E00004823",150,8,17,88,37,88,1,10,50,27,62,7,7,38,10,5.33333333333333,11.3333333333333,58.6666666666667,24.6666666666667,58.6666666666667,0.666666666666667,6.66666666666667,33.3333333333333,18,41.3333333333333,4.66666666666667,4.66666666666667,25.3333333333333,6.66666666666667
"E00004824",163,9,15,105,34,90,5,9,59,17,73,4,6,46,17,5.52147239263804,9.20245398773006,64.4171779141104,20.8588957055215,55.2147239263804,3.06748466257669,5.52147239263804,36.1963190184049,10.4294478527607,44.7852760736196,2.45398773006135,3.68098159509202,28.2208588957055,10.4294478527607
"E00004825",155,3,14,89,49,68,2,3,41,22,87,1,11,48,27,1.93548387096774,9.03225806451613,57.4193548387097,31.6129032258064,43.8709677419355,1.29032258064516,1.93548387096774,26.4516129032258,14.1935483870968,56.1290322580645,0.645161290322581,7.09677419354839,30.9677419354839,17.4193548387097
"E00004826",188,5,13,116,54,87,0,1,54,32,101,5,12,62,22,2.65957446808511,6.91489361702128,61.7021276595745,28.7234042553192,46.2765957446808,0,0.531914893617021,28.7234042553192,17.0212765957447,53.7234042553192,2.65957446808511,6.38297872340426,32.9787234042553,11.7021276595745
"E00004827",167,19,24,87,37,78,6,10,42,20,89,13,14,45,17,11.377245508982,14.3712574850299,52.0958083832335,22.1556886227545,46.7065868263473,3.59281437125748,5.98802395209581,25.1497005988024,11.9760479041916,53.2934131736527,7.78443113772455,8.38323353293413,26.9461077844311,10.1796407185629
"E00004828",144,12,19,89,24,69,5,3,47,14,75,7,16,42,10,8.33333333333333,13.1944444444444,61.8055555555556,16.6666666666667,47.9166666666667,3.47222222222222,2.08333333333333,32.6388888888889,9.72222222222222,52.0833333333333,4.86111111111111,11.1111111111111,29.1666666666667,6.94444444444444
"E00004829",174,6,10,125,33,82,2,3,59,18,92,4,7,66,15,3.44827586206897,5.74712643678161,71.8390804597701,18.9655172413793,47.1264367816092,1.14942528735632,1.72413793103448,33.9080459770115,10.3448275862069,52.8735632183908,2.29885057471264,4.02298850574713,37.9310344827586,8.62068965517241
"E00004830",183,12,14,104,53,84,3,11,41,29,99,9,3,63,24,6.55737704918033,7.65027322404372,56.8306010928962,28.9617486338798,45.9016393442623,1.63934426229508,6.01092896174863,22.4043715846995,15.8469945355191,54.0983606557377,4.91803278688525,1.63934426229508,34.4262295081967,13.1147540983607
"E00004831",78,4,15,48,11,36,1,6,22,7,42,3,9,26,4,5.12820512820513,19.2307692307692,61.5384615384615,14.1025641025641,46.1538461538462,1.28205128205128,7.69230769230769,28.2051282051282,8.97435897435897,53.8461538461538,3.84615384615385,11.5384615384615,33.3333333333333,5.12820512820513
"E00004832",197,14,28,119,36,100,6,16,57,21,97,8,12,62,15,7.10659898477157,14.2131979695431,60.4060913705584,18.2741116751269,50.761421319797,3.04568527918782,8.12182741116751,28.9340101522843,10.6598984771574,49.238578680203,4.06091370558376,6.09137055837564,31.4720812182741,7.61421319796954
"E00004833",201,11,20,134,36,104,5,7,69,23,97,6,13,65,13,5.4726368159204,9.95024875621891,66.6666666666667,17.910447761194,51.7412935323383,2.48756218905473,3.48258706467662,34.3283582089552,11.4427860696517,48.2587064676617,2.98507462686567,6.46766169154229,32.3383084577114,6.46766169154229
"E00004834",230,20,28,135,47,121,12,5,75,29,109,8,23,60,18,8.69565217391304,12.1739130434783,58.695652173913,20.4347826086957,52.6086956521739,5.21739130434783,2.17391304347826,32.6086956521739,12.6086956521739,47.3913043478261,3.47826086956522,10,26.0869565217391,7.82608695652174
"E00004835",225,16,20,139,50,121,4,8,77,32,104,12,12,62,18,7.11111111111111,8.88888888888889,61.7777777777778,22.2222222222222,53.7777777777778,1.77777777777778,3.55555555555556,34.2222222222222,14.2222222222222,46.2222222222222,5.33333333333333,5.33333333333333,27.5555555555556,8
"E00004836",181,14,37,103,27,84,11,7,50,16,97,3,30,53,11,7.73480662983425,20.4419889502762,56.9060773480663,14.9171270718232,46.4088397790055,6.07734806629834,3.86740331491713,27.6243093922652,8.83977900552486,53.5911602209945,1.65745856353591,16.5745856353591,29.2817679558011,6.07734806629834
"E00004837",238,10,25,137,66,112,1,10,64,37,126,9,15,73,29,4.20168067226891,10.5042016806723,57.563025210084,27.7310924369748,47.0588235294118,0.420168067226891,4.20168067226891,26.890756302521,15.546218487395,52.9411764705882,3.78151260504202,6.30252100840336,30.672268907563,12.1848739495798
"E00004838",126,7,16,72,31,68,3,12,36,17,58,4,4,36,14,5.55555555555556,12.6984126984127,57.1428571428571,24.6031746031746,53.968253968254,2.38095238095238,9.52380952380952,28.5714285714286,13.4920634920635,46.031746031746,3.17460317460317,3.17460317460317,28.5714285714286,11.1111111111111
"E00004839",202,18,18,124,42,91,10,9,51,21,111,8,9,73,21,8.91089108910891,8.91089108910891,61.3861386138614,20.7920792079208,45.049504950495,4.95049504950495,4.45544554455445,25.2475247524752,10.3960396039604,54.950495049505,3.96039603960396,4.45544554455445,36.1386138613861,10.3960396039604
"E00004840",156,12,13,100,31,78,6,2,54,16,78,6,11,46,15,7.69230769230769,8.33333333333333,64.1025641025641,19.8717948717949,50,3.84615384615385,1.28205128205128,34.6153846153846,10.2564102564103,50,3.84615384615385,7.05128205128205,29.4871794871795,9.61538461538462
"E00004841",150,9,18,94,29,69,4,3,43,19,81,5,15,51,10,6,12,62.6666666666667,19.3333333333333,46,2.66666666666667,2,28.6666666666667,12.6666666666667,54,3.33333333333333,10,34,6.66666666666667
"E00004842",159,13,16,92,38,79,3,7,42,27,80,10,9,50,11,8.17610062893082,10.062893081761,57.8616352201258,23.8993710691824,49.685534591195,1.88679245283019,4.40251572327044,26.4150943396226,16.9811320754717,50.314465408805,6.28930817610063,5.66037735849057,31.4465408805031,6.91823899371069
"E00004843",137,6,12,77,42,71,1,3,39,28,66,5,9,38,14,4.37956204379562,8.75912408759124,56.2043795620438,30.6569343065693,51.8248175182482,0.72992700729927,2.18978102189781,28.4671532846715,20.4379562043796,48.1751824817518,3.64963503649635,6.56934306569343,27.7372262773723,10.2189781021898
"E00004844",185,13,10,123,39,100,5,2,66,27,85,8,8,57,12,7.02702702702703,5.40540540540541,66.4864864864865,21.0810810810811,54.0540540540541,2.7027027027027,1.08108108108108,35.6756756756757,14.5945945945946,45.945945945946,4.32432432432432,4.32432432432432,30.8108108108108,6.48648648648649
"E00004845",159,10,13,85,51,77,2,7,37,31,82,8,6,48,20,6.28930817610063,8.17610062893082,53.4591194968553,32.0754716981132,48.4276729559748,1.25786163522013,4.40251572327044,23.2704402515723,19.4968553459119,51.5723270440252,5.0314465408805,3.77358490566038,30.188679245283,12.5786163522013
"E00004846",184,9,17,102,56,87,3,5,48,31,97,6,12,54,25,4.89130434782609,9.23913043478261,55.4347826086957,30.4347826086957,47.2826086956522,1.6304347826087,2.71739130434783,26.0869565217391,16.8478260869565,52.7173913043478,3.26086956521739,6.52173913043478,29.3478260869565,13.5869565217391
"E00004847",149,9,7,87,46,64,2,2,37,23,85,7,5,50,23,6.04026845637584,4.69798657718121,58.3892617449664,30.8724832214765,42.9530201342282,1.34228187919463,1.34228187919463,24.8322147651007,15.4362416107383,57.0469798657718,4.69798657718121,3.35570469798658,33.5570469798658,15.4362416107383
"E00004848",188,11,14,117,46,89,3,5,53,28,99,8,9,64,18,5.85106382978723,7.4468085106383,62.2340425531915,24.468085106383,47.3404255319149,1.59574468085106,2.65957446808511,28.1914893617021,14.8936170212766,52.6595744680851,4.25531914893617,4.78723404255319,34.0425531914894,9.57446808510638
"E00004849",183,9,18,96,60,94,4,3,49,38,89,5,15,47,22,4.91803278688525,9.83606557377049,52.4590163934426,32.7868852459016,51.3661202185792,2.18579234972678,1.63934426229508,26.775956284153,20.7650273224044,48.6338797814208,2.73224043715847,8.19672131147541,25.6830601092896,12.0218579234973
"E00004850",320,11,21,185,103,146,4,6,71,65,174,7,15,114,38,3.4375,6.5625,57.8125,32.1875,45.625,1.25,1.875,22.1875,20.3125,54.375,2.1875,4.6875,35.625,11.875
"E00004851",138,3,3,72,60,64,0,1,33,30,74,3,2,39,30,2.17391304347826,2.17391304347826,52.1739130434783,43.4782608695652,46.3768115942029,0,0.72463768115942,23.9130434782609,21.7391304347826,53.6231884057971,2.17391304347826,1.44927536231884,28.2608695652174,21.7391304347826
"E00004852",179,9,14,116,40,94,4,4,55,31,85,5,10,61,9,5.02793296089385,7.82122905027933,64.804469273743,22.3463687150838,52.5139664804469,2.23463687150838,2.23463687150838,30.7262569832402,17.3184357541899,47.4860335195531,2.79329608938547,5.58659217877095,34.0782122905028,5.02793296089385
"E00004853",249,11,27,162,49,130,0,11,83,36,119,11,16,79,13,4.41767068273092,10.8433734939759,65.0602409638554,19.6787148594378,52.2088353413655,0,4.41767068273092,33.3333333333333,14.4578313253012,47.7911646586345,4.41767068273092,6.42570281124498,31.7269076305221,5.22088353413655
"E00174649",97,25,14,47,11,60,10,7,35,8,37,15,7,12,3,25.7731958762887,14.4329896907216,48.4536082474227,11.340206185567,61.8556701030928,10.3092783505155,7.21649484536082,36.0824742268041,8.24742268041237,38.1443298969072,15.4639175257732,7.21649484536082,12.3711340206186,3.09278350515464
"E00174650",135,42,16,55,22,84,27,6,35,16,51,15,10,20,6,31.1111111111111,11.8518518518519,40.7407407407407,16.2962962962963,62.2222222222222,20,4.44444444444444,25.9259259259259,11.8518518518519,37.7777777777778,11.1111111111111,7.40740740740741,14.8148148148148,4.44444444444444
"E00174651",114,30,23,47,14,67,20,6,29,12,47,10,17,18,2,26.3157894736842,20.1754385964912,41.2280701754386,12.280701754386,58.7719298245614,17.5438596491228,5.26315789473684,25.4385964912281,10.5263157894737,41.2280701754386,8.7719298245614,14.9122807017544,15.7894736842105,1.75438596491228
"E00174652",88,3,10,54,21,53,1,5,33,14,35,2,5,21,7,3.40909090909091,11.3636363636364,61.3636363636364,23.8636363636364,60.2272727272727,1.13636363636364,5.68181818181818,37.5,15.9090909090909,39.7727272727273,2.27272727272727,5.68181818181818,23.8636363636364,7.95454545454545
"E00174653",163,40,27,66,30,98,23,12,42,21,65,17,15,24,9,24.5398773006135,16.5644171779141,40.4907975460123,18.4049079754601,60.1226993865031,14.1104294478528,7.36196319018405,25.7668711656442,12.8834355828221,39.8773006134969,10.4294478527607,9.20245398773006,14.7239263803681,5.52147239263804
"E00174654",138,46,32,43,17,53,15,9,21,8,85,31,23,22,9,33.3333333333333,23.1884057971014,31.1594202898551,12.3188405797101,38.4057971014493,10.8695652173913,6.52173913043478,15.2173913043478,5.79710144927536,61.5942028985507,22.463768115942,16.6666666666667,15.9420289855072,6.52173913043478
"E00174655",126,13,12,60,41,74,5,4,39,26,52,8,8,21,15,10.3174603174603,9.52380952380952,47.6190476190476,32.5396825396825,58.7301587301587,3.96825396825397,3.17460317460317,30.952380952381,20.6349206349206,41.2698412698413,6.34920634920635,6.34920634920635,16.6666666666667,11.9047619047619
"E00174656",109,8,10,54,37,61,5,1,27,28,48,3,9,27,9,7.3394495412844,9.1743119266055,49.5412844036697,33.9449541284404,55.9633027522936,4.58715596330275,0.917431192660551,24.7706422018349,25.6880733944954,44.0366972477064,2.75229357798165,8.25688073394496,24.7706422018349,8.25688073394496
"E00174657",128,11,11,68,38,73,4,7,36,26,55,7,4,32,12,8.59375,8.59375,53.125,29.6875,57.03125,3.125,5.46875,28.125,20.3125,42.96875,5.46875,3.125,25,9.375
"E00174658",114,10,18,60,26,61,3,7,36,15,53,7,11,24,11,8.7719298245614,15.7894736842105,52.6315789473684,22.8070175438596,53.5087719298246,2.63157894736842,6.14035087719298,31.5789473684211,13.1578947368421,46.4912280701754,6.14035087719298,9.64912280701754,21.0526315789474,9.64912280701754
"E00174659",202,14,13,118,57,133,9,5,82,37,69,5,8,36,20,6.93069306930693,6.43564356435644,58.4158415841584,28.2178217821782,65.8415841584158,4.45544554455445,2.47524752475248,40.5940594059406,18.3168316831683,34.1584158415842,2.47524752475248,3.96039603960396,17.8217821782178,9.9009900990099
"E00174660",70,4,19,37,10,45,3,13,20,9,25,1,6,17,1,5.71428571428571,27.1428571428571,52.8571428571429,14.2857142857143,64.2857142857143,4.28571428571429,18.5714285714286,28.5714285714286,12.8571428571429,35.7142857142857,1.42857142857143,8.57142857142857,24.2857142857143,1.42857142857143
"E00174661",128,39,22,51,16,65,20,11,27,7,63,19,11,24,9,30.46875,17.1875,39.84375,12.5,50.78125,15.625,8.59375,21.09375,5.46875,49.21875,14.84375,8.59375,18.75,7.03125
"E00174662",83,2,6,62,13,43,1,4,29,9,40,1,2,33,4,2.40963855421687,7.2289156626506,74.6987951807229,15.6626506024096,51.8072289156626,1.20481927710843,4.81927710843374,34.9397590361446,10.8433734939759,48.1927710843374,1.20481927710843,2.40963855421687,39.7590361445783,4.81927710843374
"E00174663",101,6,10,71,14,42,2,4,28,8,59,4,6,43,6,5.94059405940594,9.9009900990099,70.2970297029703,13.8613861386139,41.5841584158416,1.98019801980198,3.96039603960396,27.7227722772277,7.92079207920792,58.4158415841584,3.96039603960396,5.94059405940594,42.5742574257426,5.94059405940594
"E00174664",108,1,6,83,18,43,0,3,26,14,65,1,3,57,4,0.925925925925926,5.55555555555556,76.8518518518518,16.6666666666667,39.8148148148148,0,2.77777777777778,24.0740740740741,12.962962962963,60.1851851851852,0.925925925925926,2.77777777777778,52.7777777777778,3.7037037037037
"E00174665",116,13,24,63,16,60,4,4,43,9,56,9,20,20,7,11.2068965517241,20.6896551724138,54.3103448275862,13.7931034482759,51.7241379310345,3.44827586206897,3.44827586206897,37.0689655172414,7.75862068965517,48.2758620689655,7.75862068965517,17.2413793103448,17.2413793103448,6.03448275862069
"E00174666",100,4,6,74,16,56,1,2,44,9,44,3,4,30,7,4,6,74,16,56,1,2,44,9,44,3,4,30,7
"E00174667",132,9,16,98,9,66,4,7,52,3,66,5,9,46,6,6.81818181818182,12.1212121212121,74.2424242424242,6.81818181818182,50,3.03030303030303,5.3030303030303,39.3939393939394,2.27272727272727,50,3.78787878787879,6.81818181818182,34.8484848484849,4.54545454545455
"E00174668",101,9,20,62,10,61,5,9,41,6,40,4,11,21,4,8.91089108910891,19.8019801980198,61.3861386138614,9.9009900990099,60.3960396039604,4.95049504950495,8.91089108910891,40.5940594059406,5.94059405940594,39.6039603960396,3.96039603960396,10.8910891089109,20.7920792079208,3.96039603960396
"E00174669",125,18,31,51,25,62,8,10,29,15,63,10,21,22,10,14.4,24.8,40.8,20,49.6,6.4,8,23.2,12,50.4,8,16.8,17.6,8
"E00174670",141,2,11,59,69,81,1,6,28,46,60,1,5,31,23,1.41843971631206,7.80141843971631,41.8439716312057,48.936170212766,57.4468085106383,0.709219858156028,4.25531914893617,19.8581560283688,32.6241134751773,42.5531914893617,0.709219858156028,3.54609929078014,21.9858156028369,16.3120567375887
"E00174671",114,9,15,47,43,77,2,8,37,30,37,7,7,10,13,7.89473684210526,13.1578947368421,41.2280701754386,37.719298245614,67.5438596491228,1.75438596491228,7.01754385964912,32.4561403508772,26.3157894736842,32.4561403508772,6.14035087719298,6.14035087719298,8.7719298245614,11.4035087719298
"E00174672",205,8,2,152,43,107,3,1,76,27,98,5,1,76,16,3.90243902439024,0.975609756097561,74.1463414634146,20.9756097560976,52.1951219512195,1.46341463414634,0.48780487804878,37.0731707317073,13.1707317073171,47.8048780487805,2.4390243902439,0.48780487804878,37.0731707317073,7.80487804878049
"E00174673",107,3,2,96,6,42,1,2,37,2,65,2,0,59,4,2.80373831775701,1.86915887850467,89.7196261682243,5.60747663551402,39.2523364485981,0.934579439252336,1.86915887850467,34.5794392523364,1.86915887850467,60.7476635514019,1.86915887850467,0,55.1401869158878,3.73831775700935
"E00174674",98,9,8,50,31,66,7,4,34,21,32,2,4,16,10,9.18367346938776,8.16326530612245,51.0204081632653,31.6326530612245,67.3469387755102,7.14285714285714,4.08163265306122,34.6938775510204,21.4285714285714,32.6530612244898,2.04081632653061,4.08163265306122,16.3265306122449,10.2040816326531
"E00174675",143,10,21,62,50,81,5,10,31,35,62,5,11,31,15,6.99300699300699,14.6853146853147,43.3566433566434,34.965034965035,56.6433566433566,3.4965034965035,6.99300699300699,21.6783216783217,24.4755244755245,43.3566433566434,3.4965034965035,7.69230769230769,21.6783216783217,10.4895104895105
"E00174676",16,7,1,7,1,8,2,0,5,1,8,5,1,2,0,43.75,6.25,43.75,6.25,50,12.5,0,31.25,6.25,50,31.25,6.25,12.5,0
"E00174677",143,8,11,76,48,82,2,0,45,35,61,6,11,31,13,5.59440559440559,7.69230769230769,53.1468531468531,33.5664335664336,57.3426573426573,1.3986013986014,0,31.4685314685315,24.4755244755245,42.6573426573427,4.1958041958042,7.69230769230769,21.6783216783217,9.09090909090909
"E00174678",141,12,10,78,41,86,6,4,44,32,55,6,6,34,9,8.51063829787234,7.09219858156028,55.3191489361702,29.0780141843972,60.9929078014184,4.25531914893617,2.83687943262411,31.2056737588652,22.6950354609929,39.0070921985816,4.25531914893617,4.25531914893617,24.113475177305,6.38297872340426
"E00174679",110,46,12,37,15,51,18,5,18,10,59,28,7,19,5,41.8181818181818,10.9090909090909,33.6363636363636,13.6363636363636,46.3636363636364,16.3636363636364,4.54545454545455,16.3636363636364,9.09090909090909,53.6363636363636,25.4545454545455,6.36363636363636,17.2727272727273,4.54545454545455
"E00174680",82,16,26,34,6,42,7,9,21,5,40,9,17,13,1,19.5121951219512,31.7073170731707,41.4634146341463,7.31707317073171,51.219512195122,8.53658536585366,10.9756097560976,25.609756097561,6.09756097560976,48.780487804878,10.9756097560976,20.7317073170732,15.8536585365854,1.21951219512195
