"GeographyCode","QS114EW0001","QS114EW0002","QS114EW0003","QS114EW0004","QS114EW0005","QS114EW0006","QS114EW0007","QS114EW0008","QS114EW0009","QS114EW0010","QS114EW0011","QS114EW0012"
"E00004120",286,52,15,37,234,12,26,68,82,0,10,36
"E00004121",250,42,17,25,208,2,32,88,52,5,0,29
"E00004122",236,40,10,30,196,7,16,68,36,21,23,25
"E00004123",296,20,11,9,276,4,28,78,32,30,27,77
"E00004124",176,62,15,47,114,3,10,43,22,6,11,19
"E00004125",268,119,37,82,149,13,4,17,58,0,8,49
"E00004126",274,65,15,50,209,2,20,51,74,25,5,32
"E00004127",265,43,13,30,222,24,18,26,66,5,27,56
"E00004128",293,80,21,59,213,2,28,65,76,6,17,19
"E00004129",265,56,16,40,209,0,30,34,94,5,16,30
"E00004130",268,59,9,50,209,5,8,39,60,10,39,48
"E00004131",280,41,8,33,239,7,28,56,48,16,60,24
"E00004132",196,32,7,25,164,0,10,67,58,10,9,10
"E00004133",255,51,11,40,204,5,10,59,42,15,31,42
"E00004134",188,51,8,43,137,2,20,36,34,5,9,31
"E00004135",143,74,12,62,69,2,2,6,48,0,4,7
"E00004136",228,47,10,37,181,2,16,49,50,13,24,27
"E00004137",272,74,23,51,198,4,16,41,74,16,25,22
"E00004138",225,88,30,58,137,5,18,53,52,0,9,0
"E00004139",333,22,4,18,311,127,0,125,34,5,11,9
"E00004140",206,49,19,30,157,5,16,27,66,10,13,20
"E00004141",188,64,19,45,124,6,14,32,48,0,0,24
"E00004142",237,76,17,59,161,0,6,44,50,10,10,41
"E00004143",242,58,14,44,184,8,6,44,70,22,15,19
"E00004144",230,31,6,25,199,6,22,81,44,5,10,31
"E00004145",208,48,17,31,160,5,10,46,68,6,13,12
"E00004146",249,57,12,45,192,0,6,25,84,10,25,42
"E00004147",225,58,20,38,167,4,16,21,78,15,8,25
"E00004148",175,71,19,52,104,6,6,20,20,11,14,27
"E00004149",317,53,15,38,264,6,20,75,74,5,22,62
"E00004150",304,56,12,44,248,3,2,63,84,5,16,75
"E00004151",261,71,12,59,190,0,10,43,96,11,0,30
"E00004152",243,51,19,32,192,0,20,54,36,20,32,30
"E00004153",206,51,6,45,155,2,18,35,54,5,24,17
"E00004154",255,48,8,40,207,4,8,51,72,0,55,17
"E00004155",250,33,3,30,217,0,10,65,42,21,33,46
"E00004156",223,69,22,47,154,11,10,68,44,5,0,16
"E00004157",226,30,9,21,196,8,12,64,36,5,19,52
"E00004158",284,57,11,46,227,26,10,40,38,16,54,43
"E00004159",394,62,13,49,332,76,28,54,22,22,93,37
"E00004160",214,46,35,11,168,41,24,17,20,15,8,43
"E00004161",201,37,12,25,164,6,14,24,46,21,5,48
"E00004162",248,56,5,51,192,2,10,54,76,10,18,22
"E00004163",391,59,13,46,332,33,16,70,68,38,53,54
"E00004164",383,62,19,43,321,50,24,43,28,42,63,71
"E00004165",345,57,18,39,288,40,28,60,30,20,55,55
"E00004166",416,57,20,37,359,56,22,53,28,62,85,53
"E00004167",282,20,10,10,262,7,32,73,22,38,35,55
"E00004168",194,58,21,37,136,0,14,53,40,5,0,24
"E00004169",293,70,19,51,223,3,18,28,60,0,11,103
"E00004172",229,85,9,76,144,8,12,13,76,5,0,30
"E00004173",192,83,35,48,109,0,26,13,34,0,4,32
"E00004174",274,68,22,46,206,11,8,28,18,10,18,113
"E00004175",272,73,19,54,199,20,6,14,40,10,7,102
"E00004177",105,53,9,44,52,0,10,7,20,0,0,15
"E00004179",327,113,58,55,214,23,36,24,38,26,17,50
"E00004180",283,58,11,47,225,81,6,14,40,0,13,71
"E00004181",355,127,81,46,228,22,62,28,36,20,20,40
"E00004182",162,39,13,26,123,2,2,15,28,10,34,32
"E00004183",197,59,15,44,138,23,4,17,32,12,13,37
"E00004184",210,56,16,40,154,12,20,30,36,0,14,42
"E00004185",413,71,13,58,342,94,6,12,44,25,17,144
"E00004187",488,95,12,83,393,8,20,29,116,10,50,160
"E00004188",182,65,7,58,117,0,12,6,34,5,0,60
"E00004189",272,45,4,41,227,0,4,18,52,0,0,153
"E00004190",471,313,71,242,158,0,28,6,92,0,0,32
"E00004193",244,50,12,38,194,2,16,19,54,0,9,94
"E00004194",252,79,14,65,173,12,8,10,70,5,16,52
"E00004195",311,50,16,34,261,6,6,10,74,17,12,136
"E00004196",211,50,26,24,161,0,22,10,36,5,21,67
"E00004197",237,45,17,28,192,0,22,17,58,0,4,91
"E00004198",350,87,12,75,263,0,8,22,94,5,10,124
"E00004199",286,89,14,75,197,4,10,45,70,0,11,57
"E00004200",248,75,13,62,173,4,4,7,66,5,19,68
"E00004201",272,69,18,51,203,10,36,48,52,16,19,22
"E00004202",171,153,94,59,18,2,8,0,0,0,0,8
"E00004203",319,65,9,56,254,13,24,19,98,5,5,90
"E00004204",277,58,17,41,219,5,44,46,84,10,12,18
"E00004205",352,36,7,29,316,4,22,76,80,16,38,80
"E00004206",310,48,18,30,262,23,12,42,26,17,53,89
"E00004207",365,38,10,28,327,31,10,21,38,63,95,69
"E00004208",303,42,16,26,261,37,20,54,30,0,51,69
"E00004209",271,40,6,34,231,0,12,17,46,15,27,114
"E00004210",323,46,12,34,277,36,14,63,24,46,36,58
"E00004211",306,44,3,41,262,2,8,10,56,25,44,117
"E00004212",330,42,7,35,288,9,14,48,66,51,24,76
"E00004213",456,49,6,43,407,47,14,50,60,32,126,78
"E00004214",521,108,9,99,413,30,2,77,102,30,82,90
"E00004215",269,58,12,46,211,10,12,42,58,21,11,57
"E00004216",299,69,13,56,230,7,14,81,48,5,34,41
"E00004217",244,76,11,65,168,0,10,43,70,5,4,36
"E00004218",305,49,21,28,256,15,18,17,50,25,51,80
"E00004219",366,102,19,83,264,27,8,58,58,0,18,95
"E00004220",170,44,22,22,126,8,20,16,20,23,14,25
"E00004221",232,43,14,29,189,0,12,58,58,26,4,31
"E00004222",211,55,11,44,156,4,10,34,42,15,20,31
"E00004223",321,35,6,29,286,6,0,43,44,34,55,104
"E00004224",280,77,11,66,203,2,8,56,56,10,24,47
"E00004225",386,82,2,80,304,10,6,14,132,6,22,114
"E00004226",256,52,21,31,204,3,18,56,32,20,23,52
"E00004227",271,75,15,60,196,9,26,47,56,7,19,32
"E00004228",204,49,11,38,155,0,24,26,52,26,9,18
"E00004229",318,74,8,66,244,22,18,23,122,10,11,38
"E00004230",283,56,7,49,227,17,16,32,52,0,34,76
"E00004231",328,51,11,40,277,0,20,92,60,31,22,52
"E00004232",202,88,47,41,114,0,28,26,36,16,5,3
"E00004233",231,58,23,35,173,7,16,29,58,5,16,42
"E00004234",242,46,15,31,196,5,20,56,82,5,4,24
"E00004235",326,72,12,60,254,37,6,32,84,11,15,69
"E00004236",329,62,4,58,267,9,8,11,72,11,27,129
"E00004237",267,44,6,38,223,18,8,22,74,16,33,52
"E00004238",290,45,16,29,245,7,26,59,42,10,22,79
"E00004239",215,59,18,41,156,15,10,39,30,0,18,44
"E00004240",329,51,5,46,278,15,16,17,54,10,63,103
"E00004241",295,44,13,31,251,2,32,64,62,15,24,52
"E00004242",176,71,3,68,105,2,2,35,24,10,14,18
"E00004243",290,26,7,19,264,0,26,60,44,30,54,50
"E00004244",292,36,8,28,256,25,6,30,12,28,107,48
"E00004245",317,74,20,54,243,8,36,37,70,26,10,56
"E00004246",264,51,12,39,213,14,8,32,52,26,23,58
"E00004247",314,64,23,41,250,14,24,36,80,21,10,65
"E00004248",446,91,13,78,355,29,18,58,74,33,50,93
"E00004249",226,40,5,35,186,12,14,23,76,6,14,41
"E00004250",271,54,11,43,217,4,4,32,60,21,22,74
"E00004251",231,33,4,29,198,2,20,30,26,10,50,60
"E00004252",252,46,7,39,206,6,16,44,48,10,41,41
"E00004253",296,49,13,36,247,20,22,25,68,10,40,62
"E00004254",315,38,10,28,277,32,12,63,28,24,60,58
"E00004255",282,50,11,39,232,31,2,44,56,10,13,76
"E00004256",361,46,28,18,315,24,8,45,82,16,56,84
"E00004257",264,28,4,24,236,21,14,58,74,0,25,44
"E00004258",236,46,6,40,190,4,4,13,48,0,6,115
"E00004259",328,32,10,22,296,79,16,21,14,36,59,71
"E00004260",220,92,12,80,128,17,4,40,26,6,22,13
"E00004261",275,44,11,33,231,13,12,13,46,44,28,75
"E00004262",281,40,10,30,241,42,6,62,38,37,24,32
"E00004263",385,23,5,18,362,47,8,81,34,58,85,49
"E00004264",348,68,12,56,280,12,6,36,118,0,0,108
"E00004265",234,54,15,39,180,25,2,24,32,5,19,73
"E00004266",345,71,21,50,274,11,4,55,62,36,37,69
"E00004268",319,70,11,59,249,18,2,50,46,15,64,54
"E00004269",231,51,21,30,180,18,8,30,70,0,19,35
"E00004270",448,62,12,50,386,24,8,49,112,21,60,112
"E00004271",328,44,10,34,284,15,10,54,74,16,16,99
"E00004272",273,27,10,17,246,2,38,49,48,5,37,67
"E00004273",364,53,16,37,311,4,28,32,76,10,39,122
"E00004274",291,43,8,35,248,13,10,53,68,10,13,81
"E00004275",199,44,13,31,155,12,8,25,62,5,0,43
"E00004276",274,44,15,29,230,16,16,63,42,5,5,83
"E00004277",259,63,15,48,196,17,8,41,74,0,14,42
"E00004278",218,37,8,29,181,20,8,27,48,11,9,58
"E00004279",290,50,7,43,240,20,20,39,70,7,51,33
"E00004280",211,44,4,40,167,5,34,23,50,5,25,25
"E00004281",251,33,6,27,218,12,20,43,78,0,28,37
"E00004282",302,64,14,50,238,30,8,40,70,6,31,53
"E00004283",267,65,8,57,202,10,16,39,64,0,31,42
"E00004284",247,62,13,49,185,17,14,27,48,10,13,56
"E00004285",270,69,10,59,201,0,14,40,76,0,12,59
"E00004286",294,70,23,47,224,16,12,22,90,6,12,66
"E00004287",265,32,7,25,233,33,16,30,54,6,15,79
"E00004288",318,80,8,72,238,18,12,28,88,11,34,47
"E00004289",232,64,7,57,168,0,6,26,82,5,6,43
"E00004290",306,77,11,66,229,13,8,42,96,11,11,48
"E00004291",340,50,16,34,290,20,24,47,36,15,53,95
"E00004292",332,40,14,26,292,49,12,32,16,61,69,53
"E00004293",276,46,13,33,230,28,10,20,44,23,36,69
"E00004294",215,61,19,42,154,5,4,34,56,6,0,49
"E00004295",378,68,15,53,310,2,22,38,84,20,36,108
"E00004296",383,42,12,30,341,28,12,39,30,31,121,80
"E00004297",291,67,4,63,224,8,16,47,72,5,0,76
"E00004298",311,24,7,17,287,7,18,40,52,10,87,73
"E00004299",302,45,19,26,257,10,26,75,62,23,20,41
"E00004300",273,37,11,26,236,10,8,57,44,0,37,80
"E00004301",503,110,9,101,393,26,12,65,102,11,45,132
"E00004302",303,59,9,50,244,12,14,49,66,22,29,52
"E00004303",299,22,10,12,277,4,32,59,30,5,38,109
"E00004304",397,63,10,53,334,13,20,79,80,5,26,111
"E00004305",355,32,10,22,323,4,26,95,48,36,23,91
"E00004306",315,65,17,48,250,9,34,62,64,0,19,62
"E00004307",368,44,19,25,324,12,30,96,52,15,34,85
"E00004308",278,44,9,35,234,16,10,46,52,15,22,73
"E00004309",286,30,2,28,256,0,10,77,62,27,17,63
"E00004310",306,38,11,27,268,5,24,83,50,15,24,67
"E00004311",282,27,7,20,255,0,12,61,36,35,51,60
"E00004312",321,62,13,49,259,17,12,78,46,5,13,88
"E00004313",279,42,11,31,237,4,28,64,66,0,19,56
"E00004314",312,68,7,61,244,10,4,50,74,5,36,65
"E00004315",304,50,12,38,254,3,22,54,114,0,0,61
"E00004316",244,51,5,46,193,4,8,19,70,6,10,76
"E00004317",390,44,8,36,346,15,12,64,94,10,36,115
"E00004318",282,41,12,29,241,7,12,38,50,5,25,104
"E00004319",261,57,10,47,204,11,8,21,108,0,10,46
"E00004320",268,31,9,22,237,0,32,60,46,26,26,47
"E00004321",299,29,16,13,270,15,20,62,56,25,26,66
"E00004322",296,31,13,18,265,2,36,71,26,32,26,72
"E00004323",236,23,3,20,213,11,10,61,54,17,22,38
"E00004324",299,42,14,28,257,2,26,105,30,27,16,51
"E00004325",235,57,19,38,178,6,22,53,22,30,16,29
"E00004326",265,61,12,49,204,10,14,38,22,65,27,28
"E00004327",320,52,15,37,268,13,26,91,46,15,41,36
"E00004328",237,29,14,15,208,2,22,49,36,15,17,67
"E00004329",298,41,10,31,257,16,10,56,66,52,18,39
"E00004330",294,61,7,54,233,10,4,62,100,25,0,32
"E00004331",281,39,10,29,242,3,14,28,60,31,42,64
"E00004332",189,32,17,15,157,6,10,51,42,10,18,20
"E00004333",247,58,16,42,189,6,18,31,76,15,9,34
"E00004334",212,53,12,41,159,0,18,53,40,20,10,18
"E00004335",295,57,7,50,238,12,20,52,88,10,22,34
"E00004336",346,77,6,71,269,2,8,32,114,40,23,50
"E00004337",260,41,13,28,219,2,22,79,38,10,14,54
"E00004338",271,32,14,18,239,3,26,72,56,48,10,24
"E00004339",234,37,12,25,197,8,22,30,76,15,11,35
"E00004340",221,32,4,28,189,5,12,13,38,0,31,90
"E00004341",234,68,14,54,166,4,8,61,64,0,0,29
"E00004342",197,35,7,28,162,7,14,44,54,5,12,26
"E00004343",221,54,11,43,167,4,12,54,66,5,8,18
"E00004344",242,50,13,37,192,5,12,46,58,0,14,57
"E00004345",309,25,11,14,284,11,56,64,32,25,37,59
"E00004346",247,23,16,7,224,7,30,80,28,15,13,51
"E00004347",247,33,13,20,214,4,4,50,40,30,43,43
"E00004348",272,59,9,50,213,11,10,53,56,31,23,29
"E00004349",344,22,12,10,322,5,26,108,28,41,47,67
"E00004350",268,41,21,20,227,9,50,56,48,25,11,28
"E00004351",272,52,16,36,220,8,54,48,36,15,23,36
"E00004352",303,36,14,22,267,11,26,65,38,21,60,46
"E00004353",251,60,25,35,191,3,58,43,54,5,19,9
"E00004354",250,33,11,22,217,0,40,52,34,5,23,63
"E00004355",261,43,11,32,218,4,42,69,34,5,13,51
"E00004356",315,40,9,31,275,7,14,69,42,36,62,45
"E00004357",350,23,7,16,327,5,6,115,46,67,48,40
"E00004358",272,43,19,24,229,3,20,60,24,10,34,78
"E00004359",314,31,14,17,283,4,34,92,38,46,14,55
"E00004360",275,35,16,19,240,6,20,55,52,31,21,55
"E00004361",216,34,13,21,182,9,30,18,32,10,15,68
"E00004362",336,37,10,27,299,35,10,71,32,21,54,76
"E00004363",401,53,22,31,348,25,22,44,38,41,99,79
"E00004364",509,94,13,81,415,53,22,70,62,33,46,129
"E00004365",251,64,12,52,187,4,4,54,90,5,0,30
"E00004366",281,109,22,87,172,19,14,41,22,24,20,32
"E00004367",347,55,16,39,292,46,20,48,46,29,46,57
"E00004368",362,79,22,57,283,2,26,71,70,21,39,54
"E00004369",267,48,26,22,219,31,34,35,24,15,32,48
"E00004370",243,60,36,24,183,10,16,34,28,5,39,51
"E00004371",227,42,7,35,185,28,18,28,32,24,30,25
"E00004372",305,32,11,21,273,23,14,60,22,17,52,85
"E00004373",336,51,21,30,285,40,26,22,46,37,41,73
"E00004374",229,31,5,26,198,51,4,34,26,11,31,41
"E00004375",253,45,23,22,208,8,24,58,50,11,9,48
"E00004376",401,72,12,60,329,34,20,61,46,15,49,104
"E00004377",222,40,13,27,182,44,6,20,16,16,32,48
"E00004378",309,45,6,39,264,15,26,60,66,36,12,49
"E00004379",267,52,17,35,215,10,20,50,72,0,18,45
"E00004380",347,72,39,33,275,8,10,27,64,27,93,46
"E00004381",286,35,9,26,251,11,10,44,56,28,21,81
"E00004382",291,60,11,49,231,8,12,67,70,27,15,32
"E00004383",206,45,6,39,161,4,16,24,44,10,17,46
"E00004384",220,39,8,31,181,13,22,44,24,10,17,51
"E00004385",226,25,2,23,201,12,10,59,42,15,23,40
"E00004386",258,25,8,17,233,9,20,47,50,15,51,41
"E00004387",203,26,11,15,177,4,10,34,58,5,23,43
"E00004388",235,30,7,23,205,4,8,50,54,15,28,46
"E00004389",275,26,4,22,249,10,18,53,44,26,27,71
"E00004390",275,31,10,21,244,8,18,54,58,10,30,66
"E00004391",310,42,12,30,268,2,16,90,50,21,28,61
"E00004392",239,25,12,13,214,6,34,52,22,15,19,66
"E00004393",280,29,8,21,251,25,14,68,48,25,15,56
"E00004394",199,37,6,31,162,37,2,34,36,5,7,41
"E00004395",263,67,13,54,196,15,8,36,50,15,21,51
"E00004396",279,63,10,53,216,36,10,25,32,12,41,60
"E00004397",298,35,2,33,263,36,10,20,26,16,67,88
"E00004398",232,32,8,24,200,21,24,41,30,10,31,43
"E00004399",392,20,9,11,372,51,30,64,26,47,81,73
"E00004400",340,96,27,69,244,29,42,26,34,15,53,45
"E00004401",289,43,17,26,246,0,44,66,46,26,28,36
"E00004402",251,56,10,46,195,0,26,65,52,5,17,30
"E00004403",282,37,12,25,245,5,58,30,52,26,19,55
"E00004404",266,36,21,15,230,6,44,69,30,26,18,37
"E00004405",303,45,9,36,258,7,26,75,46,30,43,31
"E00004406",238,47,18,29,191,4,42,32,38,10,45,20
"E00004407",281,36,10,26,245,7,48,70,26,15,26,53
"E00004408",259,25,11,14,234,6,22,84,44,16,27,35
"E00004409",250,36,14,22,214,7,22,41,38,5,36,65
"E00004410",260,41,15,26,219,22,24,67,52,16,17,21
"E00004411",252,39,6,33,213,8,30,56,42,5,28,44
"E00004412",267,52,15,37,215,5,24,51,52,11,30,42
"E00004413",243,39,5,34,204,4,10,96,26,41,8,19
"E00004414",284,45,10,35,239,3,24,54,40,22,36,60
"E00004415",303,54,15,39,249,6,16,93,62,10,25,37
"E00004416",258,45,20,25,213,8,20,62,38,20,26,39
"E00004417",283,41,12,29,242,2,26,66,62,20,24,42
"E00004418",260,43,13,30,217,2,28,62,26,10,29,60
"E00004419",244,58,10,48,186,7,4,40,72,10,14,39
"E00004420",266,35,14,21,231,0,38,54,34,37,18,50
"E00004421",298,33,11,22,265,3,8,94,76,26,8,50
"E00004422",183,39,17,22,144,0,14,39,50,5,8,28
"E00004423",245,57,18,39,188,19,12,45,42,10,26,34
"E00004424",228,43,10,33,185,4,16,48,76,0,9,32
"E00004425",352,32,13,19,320,4,36,90,56,25,31,78
"E00004426",299,58,19,39,241,4,30,64,62,15,27,39
"E00004427",296,34,23,11,262,3,44,76,26,47,29,37
"E00004428",220,77,32,45,143,2,16,70,40,5,0,10
"E00004429",240,56,13,43,184,9,18,45,62,0,13,37
"E00004430",169,98,69,29,71,0,10,16,22,0,0,23
"E00004431",265,24,13,11,241,2,32,88,52,39,10,18
"E00004432",272,54,15,39,218,0,26,57,74,15,20,26
"E00004433",300,47,17,30,253,0,20,92,82,20,9,30
"E00004435",235,62,24,38,173,12,12,24,34,0,23,68
"E00004436",328,70,29,41,258,6,44,57,66,16,8,61
"E00004437",260,39,7,32,221,0,36,56,48,20,25,36
"E00004438",211,66,5,61,145,0,8,33,50,11,8,35
"E00004439",243,42,13,29,201,2,34,75,40,10,24,16
"E00004440",255,37,17,20,218,4,28,83,44,15,14,30
"E00004441",261,43,9,34,218,0,12,61,46,15,13,71
"E00004442",247,54,34,20,193,22,10,32,18,5,51,55
"E00004444",432,47,6,41,385,50,16,51,42,71,83,72
"E00004445",236,41,11,30,195,12,10,25,40,0,34,74
"E00004446",304,32,12,20,272,27,14,35,52,42,32,70
"E00004447",106,59,48,11,47,0,10,13,12,0,6,6
"E00004448",328,56,13,43,272,24,16,62,50,5,48,67
"E00004450",381,60,11,49,321,22,26,29,100,10,50,84
"E00004451",263,53,14,39,210,9,6,40,42,0,41,72
"E00004452",316,47,11,36,269,15,20,56,90,11,50,27
"E00004453",409,37,14,23,372,35,28,43,30,26,95,115
"E00004454",473,71,14,57,402,60,12,74,40,53,63,100
"E00004455",351,34,13,21,317,45,6,95,30,36,49,56
"E00004456",322,40,13,27,282,60,12,53,18,12,69,58
"E00004457",246,42,8,34,204,4,14,70,58,5,13,40
"E00004458",440,57,13,44,383,30,18,89,78,20,58,90
"E00004459",310,77,41,36,233,54,8,60,40,30,19,22
"E00004460",220,44,14,30,176,41,8,36,20,16,28,27
"E00004461",388,20,3,17,368,66,16,46,40,30,77,93
"E00004462",237,46,21,25,191,9,12,36,54,16,16,48
"E00004463",364,47,9,38,317,64,16,57,32,56,43,49
"E00004464",110,73,54,19,37,0,24,0,2,0,0,11
"E00004465",373,56,23,33,317,39,36,43,60,20,16,103
"E00004466",220,44,10,34,176,0,20,22,98,0,0,36
"E00004467",304,44,13,31,260,24,24,33,58,11,46,64
"E00004468",437,30,10,20,407,68,22,31,22,49,83,132
"E00004469",262,48,24,24,214,2,30,47,48,11,18,58
"E00004470",329,52,10,42,277,20,16,39,64,6,66,66
"E00004471",218,49,11,38,169,0,10,24,80,5,10,40
"E00004472",356,53,8,45,303,21,16,31,90,16,41,88
"E00004473",240,53,17,36,187,2,32,38,58,15,10,32
"E00004474",362,30,10,20,332,10,26,69,78,5,12,132
"E00004475",291,36,12,24,255,56,8,31,48,10,45,57
"E00004476",352,46,12,34,306,37,16,13,34,81,53,72
"E00004477",298,70,23,47,228,8,26,33,96,5,6,54
"E00004478",438,97,10,87,341,14,14,69,118,15,22,89
"E00004479",294,55,10,45,239,13,16,28,78,25,28,51
"E00004480",226,57,27,30,169,4,6,31,54,0,10,64
"E00004481",313,41,13,28,272,59,22,37,38,11,25,80
"E00004482",293,33,9,24,260,7,24,55,52,10,38,74
"E00004483",284,30,4,26,254,0,20,65,44,5,27,93
"E00004484",299,20,4,16,279,23,10,51,60,22,24,89
"E00004485",274,45,11,34,229,6,24,51,56,15,41,36
"E00004486",276,35,21,14,241,0,26,50,34,12,34,85
"E00004487",213,56,10,46,157,20,8,33,28,10,4,54
"E00004488",211,31,11,20,180,22,14,41,8,19,45,31
"E00004489",284,39,14,25,245,19,16,58,44,6,45,57
"E00004490",247,28,12,16,219,20,12,33,38,0,54,62
"E00004491",301,72,37,35,229,40,14,34,30,6,25,80
"E00004492",325,31,9,22,294,0,42,73,52,28,43,56
"E00004493",229,61,10,51,168,19,8,93,32,0,0,16
"E00004494",385,65,24,41,320,5,34,86,90,10,23,72
"E00004495",256,47,25,22,209,0,50,53,50,6,10,40
"E00004496",343,44,18,26,299,9,62,57,70,12,32,57
"E00004497",260,43,8,35,217,33,12,34,48,20,34,36
"E00004498",332,45,14,31,287,67,20,58,54,20,16,52
"E00004499",393,23,9,14,370,8,48,92,30,56,44,92
"E00004500",169,98,17,81,71,10,6,10,42,0,0,3
"E00004501",116,43,13,30,73,12,10,15,36,0,0,0
"E00004502",254,49,14,35,205,39,18,24,42,5,23,54
"E00004503",209,87,30,57,122,18,6,30,30,11,4,23
"E00004504",352,17,13,4,335,0,36,54,24,31,47,143
"E00004505",291,37,12,25,254,36,14,71,50,6,18,59
"E00004506",286,59,8,51,227,36,16,23,34,10,45,63
"E00004507",259,31,12,19,228,5,42,67,16,40,14,44
"E00004508",292,61,32,29,231,6,40,57,64,5,5,54
"E00004509",328,34,16,18,294,14,28,50,34,15,74,79
"E00004510",303,45,8,37,258,11,22,46,38,15,24,102
"E00004511",339,42,13,29,297,6,30,37,66,10,55,93
"E00004512",262,46,21,25,216,17,22,30,60,0,59,28
"E00004513",273,32,14,18,241,2,22,45,22,36,49,65
"E00004514",284,32,9,23,252,2,40,33,44,27,43,63
"E00004515",256,40,7,33,216,6,30,37,68,6,29,40
"E00004516",357,34,15,19,323,6,18,53,50,25,35,136
"E00004517",268,40,17,23,228,6,8,35,38,10,55,76
"E00004518",247,48,19,29,199,27,16,47,42,19,0,48
"E00004519",274,35,13,22,239,12,22,88,26,15,32,44
"E00004520",259,82,5,77,177,21,4,48,38,20,23,23
"E00004521",259,46,18,28,213,9,20,21,68,0,4,91
"E00004522",197,63,5,58,134,0,16,9,52,0,4,53
"E00004523",548,113,11,102,435,29,18,27,98,10,152,101
"E00004524",367,118,27,91,249,7,18,25,102,0,18,79
"E00004525",254,58,12,46,196,20,4,10,34,5,32,91
"E00004526",237,73,36,37,164,4,24,21,16,10,38,51
"E00004527",167,60,20,40,107,6,8,4,44,0,0,45
"E00004528",327,103,25,78,224,8,4,12,58,10,67,65
"E00004529",447,91,6,85,356,7,8,21,112,6,89,113
"E00004530",229,94,15,79,135,0,2,7,48,0,33,45
"E00004531",293,39,9,30,254,13,10,48,52,23,35,73
"E00004532",324,77,5,72,247,8,12,38,82,5,29,73
"E00004534",236,49,12,37,187,54,6,35,30,0,42,20
"E00004535",197,67,9,58,130,0,4,25,88,0,4,9
"E00004536",233,57,7,50,176,0,24,9,116,0,0,27
"E00004537",163,39,12,27,124,13,10,26,34,5,6,30
"E00004538",193,62,23,39,131,27,8,14,18,0,13,51
"E00004539",133,46,9,37,87,9,0,7,38,5,5,23
"E00004540",354,67,39,28,287,30,30,45,32,24,41,85
"E00004541",219,61,9,52,158,20,4,52,32,10,24,16
"E00004542",360,74,17,57,286,38,28,38,90,21,21,50
"E00004543",214,66,5,61,148,8,8,13,66,5,6,42
"E00004544",286,27,12,15,259,9,16,55,16,22,55,86
"E00004545",451,84,21,63,367,30,10,91,66,52,58,60
"E00004546",224,85,25,60,139,7,28,11,52,6,4,31
"E00004547",338,81,17,64,257,4,22,29,54,33,45,70
"E00004548",208,83,19,64,125,8,12,12,68,0,0,25
"E00004549",288,42,11,31,246,38,12,52,46,22,22,54
"E00004550",389,50,9,41,339,40,20,20,54,25,52,128
"E00004551",418,85,2,83,333,10,8,35,144,26,31,79
"E00004552",317,45,11,34,272,24,20,42,30,21,63,72
"E00004553",268,47,7,40,221,25,4,39,40,22,49,42
"E00004554",405,94,7,87,311,4,12,14,160,7,22,92
"E00004555",327,42,18,24,285,26,16,42,46,42,51,62
"E00004556",301,73,23,50,228,18,8,30,44,11,64,53
"E00004557",177,80,23,57,97,19,6,23,44,5,0,0
"E00004558",277,66,13,53,211,6,30,3,58,6,43,65
"E00004559",365,63,20,43,302,3,24,64,46,26,31,108
"E00004560",227,71,24,47,156,11,18,28,24,12,31,32
"E00004561",268,61,8,53,207,0,6,13,68,15,15,90
"E00004562",272,50,17,33,222,30,8,24,44,0,21,95
"E00004563",569,67,13,54,502,25,10,49,66,27,92,233
"E00004564",297,32,1,31,265,10,10,21,60,11,17,136
"E00004565",298,81,56,25,217,31,16,19,16,21,73,41
"E00004566",284,68,17,51,216,13,12,43,56,10,43,39
"E00004567",385,25,10,15,360,47,12,52,28,56,76,89
"E00004568",359,55,10,45,304,23,14,29,72,10,34,122
"E00004569",325,76,17,59,249,21,18,39,60,10,22,79
"E00004570",316,29,17,12,287,13,40,63,54,22,12,83
"E00004571",333,47,14,33,286,11,16,43,92,10,26,88
"E00004572",382,39,7,32,343,25,8,59,90,11,30,120
"E00004573",329,58,14,44,271,20,14,54,60,5,31,87
"E00004574",372,32,11,21,340,0,26,80,58,15,10,151
"E00004575",339,81,7,74,258,9,12,40,126,10,23,38
"E00004576",354,35,6,29,319,62,34,66,46,10,38,63
"E00004577",294,41,18,23,253,22,16,40,54,13,39,69
"E00004578",283,75,6,69,208,16,2,34,94,5,17,40
"E00004579",253,33,7,26,220,23,16,51,44,5,24,57
"E00004580",301,58,6,52,243,23,12,52,90,0,16,50
"E00004581",236,30,7,23,206,14,4,49,50,0,27,62
"E00004582",279,51,10,41,228,16,14,60,42,20,27,49
"E00004583",352,48,17,31,304,18,26,46,42,20,69,83
"E00004584",367,77,11,66,290,10,12,86,54,5,19,104
"E00004585",260,56,16,40,204,10,6,64,76,5,8,35
"E00004586",247,41,13,28,206,2,16,13,80,0,49,46
"E00004587",264,45,7,38,219,36,10,35,44,0,22,72
"E00004588",322,58,5,53,264,10,12,30,106,0,47,59
"E00004589",277,57,10,47,220,2,14,59,36,26,28,55
"E00004590",215,41,6,35,174,2,6,34,44,15,25,48
"E00004591",262,38,7,31,224,37,12,32,48,15,37,43
"E00004592",197,49,8,41,148,3,6,31,36,5,20,47
"E00004593",525,86,14,72,439,26,4,71,104,5,82,147
"E00004594",255,48,6,42,207,12,14,41,64,11,21,44
"E00004595",257,30,10,20,227,8,14,53,38,15,29,70
"E00004596",226,44,12,32,182,12,10,42,46,15,4,53
"E00004597",585,62,14,48,523,26,12,46,56,0,12,371
"E00004598",242,38,7,31,204,12,12,22,54,11,29,64
"E00004599",311,66,8,58,245,8,30,53,82,5,15,52
"E00004600",345,34,9,25,311,67,12,38,22,23,57,92
"E00004601",289,45,15,30,244,22,8,65,32,37,27,53
"E00004602",252,35,7,28,217,4,12,40,80,15,21,45
"E00004603",358,48,20,28,310,20,12,44,36,35,68,95
"E00004604",254,72,12,60,182,22,20,38,36,10,19,37
"E00004605",279,41,15,26,238,16,8,39,34,15,56,70
"E00004606",376,67,21,46,309,28,22,67,62,23,36,71
"E00004607",188,89,52,37,99,18,20,12,36,0,0,13
"E00004608",347,43,13,30,304,24,18,76,40,32,62,52
"E00004609",404,120,30,90,284,42,10,72,80,16,25,39
"E00004610",265,55,13,42,210,10,22,30,46,11,41,50
"E00004611",192,137,101,36,55,4,14,4,8,0,6,19
"E00004612",299,61,16,45,238,23,12,28,52,10,60,53
"E00004613",246,61,19,42,185,24,10,37,44,15,17,38
"E00004614",527,73,10,63,454,43,12,88,118,39,23,131
"E00004615",210,42,9,33,168,4,10,14,52,10,9,69
"E00004616",269,45,4,41,224,2,14,43,92,5,11,57
"E00004617",211,51,9,42,160,2,4,46,72,0,0,36
"E00004618",232,61,15,46,171,8,6,18,72,5,9,53
"E00004619",243,60,23,37,183,19,2,16,46,5,30,65
"E00004620",255,63,11,52,192,36,6,18,78,5,4,45
"E00004621",297,49,11,38,248,26,26,23,56,0,41,76
"E00004622",405,80,14,66,325,30,14,22,140,0,9,110
"E00004623",335,58,19,39,277,8,14,41,76,23,38,77
"E00004624",275,36,10,26,239,11,14,41,66,10,12,85
"E00004625",338,84,18,66,254,26,14,68,64,22,20,40
"E00004626",393,135,47,88,258,24,10,66,98,10,12,38
"E00004627",186,48,16,32,138,10,12,36,38,16,16,10
"E00004628",230,28,7,21,202,50,6,78,18,15,19,16
"E00004629",223,44,6,38,179,2,10,22,88,0,15,42
"E00004630",188,46,6,40,142,2,2,22,74,10,0,32
"E00004631",247,65,33,32,182,8,22,24,48,0,20,60
"E00004632",227,34,8,26,193,42,8,61,16,36,8,22
"E00004633",261,45,16,29,216,13,6,29,22,23,51,72
"E00004634",283,60,8,52,223,11,10,27,86,12,14,63
"E00004635",299,50,13,37,249,42,2,59,38,26,43,39
"E00004636",266,39,9,30,227,40,18,31,34,16,39,49
"E00004637",239,59,15,44,180,31,12,27,40,10,28,32
"E00004638",308,77,19,58,231,11,4,40,62,16,13,85
"E00004639",205,44,7,37,161,8,6,37,34,31,26,19
"E00004640",336,57,11,46,279,47,8,53,50,38,23,60
"E00004641",364,26,9,17,338,43,16,57,30,46,55,91
"E00004642",344,41,15,26,303,54,14,43,32,49,60,51
"E00004643",353,97,15,82,256,29,4,68,76,26,10,43
"E00004644",369,35,5,30,334,31,24,64,36,41,57,81
"E00004645",172,73,13,60,99,19,0,30,34,10,0,6
"E00004646",252,43,9,34,209,38,20,18,30,22,30,51
"E00004647",367,78,3,75,289,103,4,17,60,10,25,70
"E00004649",227,64,13,51,163,5,2,12,86,5,5,48
"E00004650",324,145,8,137,179,34,6,31,54,5,26,23
"E00004651",159,65,28,37,94,2,10,9,50,0,0,23
"E00004652",237,69,10,59,168,12,8,36,64,5,13,30
"E00004653",151,87,17,70,64,2,2,7,30,0,4,19
"E00004654",141,72,2,70,69,0,2,10,34,0,0,23
"E00004655",326,50,9,41,276,66,4,24,44,0,126,12
"E00004656",396,133,12,121,263,13,16,93,100,22,5,14
"E00004658",292,40,13,27,252,18,18,39,28,44,48,57
"E00004659",404,68,6,62,336,64,10,18,54,5,27,158
"E00004660",340,37,6,31,303,104,8,19,54,16,37,65
"E00004661",268,65,13,52,203,29,12,24,34,15,15,74
"E00004662",272,82,20,62,190,12,2,32,44,15,22,63
"E00004663",361,33,6,27,328,40,10,26,22,30,91,109
"E00004664",347,57,10,47,290,39,6,16,54,10,42,123
"E00004665",249,53,8,45,196,45,4,48,20,5,25,49
"E00004666",303,109,7,102,194,33,10,36,54,15,25,21
"E00004667",207,67,19,48,140,0,6,0,70,0,0,64
"E00004668",171,35,13,22,136,26,16,24,26,5,0,39
"E00004669",293,36,16,20,257,24,10,13,26,27,56,101
"E00004670",251,47,14,33,204,13,12,31,26,25,44,53
"E00004671",470,47,7,40,423,58,16,50,46,43,76,134
"E00004672",223,49,5,44,174,3,6,6,84,0,4,71
"E00004673",282,52,9,43,230,24,14,47,32,11,29,73
"E00004674",240,37,8,29,203,19,14,31,30,16,28,65
"E00004675",232,51,32,19,181,10,18,23,18,15,60,37
"E00004676",176,74,22,52,102,2,14,9,48,0,0,29
"E00004677",325,34,4,30,291,3,12,29,34,31,66,116
"E00004678",327,57,13,44,270,16,14,17,24,22,66,111
"E00004679",180,57,22,35,123,6,18,13,34,0,31,21
"E00004680",203,81,23,58,122,2,6,19,42,0,6,47
"E00004681",293,47,10,37,246,6,20,17,68,31,22,82
"E00004682",165,23,10,13,142,6,4,18,20,37,17,40
"E00004683",173,29,5,24,144,12,12,13,6,10,51,40
"E00004684",320,49,10,39,271,20,16,55,36,30,46,68
"E00004685",321,47,17,30,274,9,8,32,24,51,38,112
"E00004686",310,44,16,28,266,21,10,21,40,16,76,82
"E00004687",245,46,21,25,199,5,36,26,34,0,35,63
"E00004688",411,78,38,40,333,24,22,66,26,44,45,106
"E00004689",323,32,21,11,291,24,16,54,22,16,69,90
"E00004690",229,48,19,29,181,10,12,23,36,0,20,80
"E00004691",478,32,8,24,446,10,14,35,20,11,42,314
"E00004692",432,36,11,25,396,37,12,28,24,10,46,239
"E00004693",361,35,6,29,326,31,14,32,76,10,45,118
"E00004694",241,49,8,41,192,4,2,18,48,5,49,66
"E00004695",459,60,4,56,399,78,10,37,74,12,60,128
"E00004696",348,43,6,37,305,27,16,22,26,40,78,96
"E00004697",295,60,13,47,235,10,18,24,40,20,17,106
"E00004699",161,30,16,14,131,7,8,13,18,16,21,48
"E00004700",280,42,23,19,238,3,14,24,36,21,46,94
"E00004701",296,74,7,67,222,42,2,45,44,11,39,39
"E00004702",265,55,9,46,210,27,6,52,40,10,26,49
"E00004703",278,62,21,41,216,19,22,31,62,15,14,53
"E00004704",359,72,8,64,287,2,0,14,68,10,28,165
"E00004705",351,52,17,35,299,20,36,58,80,0,24,81
"E00004706",412,86,14,72,326,11,12,46,98,5,48,106
"E00004707",455,100,6,94,355,4,6,9,132,0,29,175
"E00004708",193,68,9,59,125,11,8,11,54,0,5,36
"E00004709",388,39,8,31,349,24,18,34,68,30,50,125
"E00004710",311,47,8,39,264,2,16,41,58,10,49,88
"E00004711",297,53,10,43,244,25,10,55,80,12,14,48
"E00004712",324,72,37,35,252,2,48,66,34,5,44,53
"E00004713",164,47,17,30,117,10,22,34,24,0,9,18
"E00004714",251,67,11,56,184,15,20,52,62,0,8,27
"E00004715",261,72,23,49,189,30,18,26,62,20,10,23
"E00004716",318,45,9,36,273,32,16,66,32,38,49,40
"E00004717",183,26,12,14,157,8,8,42,20,10,34,35
"E00004718",316,43,6,37,273,21,6,40,32,32,44,98
"E00004719",423,76,26,50,347,43,20,55,42,52,31,104
"E00004720",227,61,15,46,166,23,14,44,26,5,22,32
"E00004721",338,48,11,37,290,28,14,42,28,16,55,107
"E00004722",294,33,12,21,261,16,12,52,24,42,46,69
"E00004723",264,44,22,22,220,22,26,31,32,22,26,61
"E00004724",324,44,5,39,280,16,4,37,64,27,56,76
"E00004725",403,22,11,11,381,56,22,29,30,58,106,80
"E00004726",225,64,21,43,161,9,20,16,24,21,19,52
"E00004727",322,46,10,36,276,34,16,31,32,20,82,61
"E00004728",563,66,6,60,497,52,14,57,48,62,142,122
"E00004729",256,38,11,27,218,43,4,45,6,20,41,59
"E00004730",160,34,13,21,126,9,12,42,16,5,15,27
"E00004731",323,65,7,58,258,18,0,57,82,15,9,77
"E00004732",417,17,8,9,400,40,14,22,28,35,130,131
"E00004733",246,62,7,55,184,25,6,27,74,11,11,30
"E00004734",343,30,15,15,313,14,10,34,26,21,117,91
"E00004735",274,66,17,49,208,42,8,58,28,5,29,38
"E00004736",257,53,9,44,204,7,12,13,86,0,16,70
"E00004738",261,34,11,23,227,5,10,33,72,25,13,69
"E00004739",274,31,6,25,243,17,8,58,122,0,12,26
"E00004740",306,13,3,10,293,60,8,38,26,5,77,79
"E00004741",315,38,9,29,277,25,26,39,52,23,24,88
"E00004742",459,57,14,43,402,41,18,32,52,5,177,77
"E00004743",396,32,15,17,364,17,34,20,28,30,53,182
"E00004744",331,41,16,25,290,16,26,25,28,0,75,120
"E00004745",286,55,19,36,231,14,26,33,24,20,47,67
"E00004746",314,64,20,44,250,41,20,29,58,26,29,47
"E00004747",330,42,14,28,288,37,12,42,28,16,47,106
"E00004748",344,71,15,56,273,20,6,33,38,37,47,92
"E00004749",527,44,9,35,483,29,22,35,58,63,107,169
"E00004750",364,30,2,28,334,24,12,28,78,21,26,145
"E00004751",240,95,52,43,145,20,14,11,44,5,15,36
"E00004752",331,37,12,25,294,35,14,61,42,5,75,62
"E00004753",308,44,13,31,264,35,18,30,26,16,26,113
"E00004754",302,41,6,35,261,22,16,27,60,17,16,103
"E00004755",260,40,16,24,220,34,22,24,30,16,34,60
"E00004756",259,42,7,35,217,33,12,28,32,21,38,53
"E00004757",334,27,12,15,307,51,16,44,26,65,39,66
"E00004758",232,15,4,11,217,36,6,33,24,42,36,40
"E00004759",233,44,7,37,189,14,10,29,32,26,36,42
"E00004760",195,52,20,32,143,46,14,40,8,5,4,26
"E00004761",358,49,9,40,309,31,8,147,22,21,41,39
"E00004762",275,74,20,54,201,22,6,32,36,16,39,50
"E00004763",223,44,15,29,179,17,10,37,64,10,20,21
"E00004764",231,34,9,25,197,8,12,18,22,11,43,83
"E00004765",242,45,12,33,197,14,4,57,22,15,45,40
"E00004766",234,53,14,39,181,2,14,42,54,0,5,64
"E00004767",296,50,12,38,246,7,10,63,100,15,16,35
"E00004768",220,32,7,25,188,0,4,51,66,5,18,44
"E00004769",275,78,14,64,197,5,4,48,80,5,14,41
"E00004770",200,31,6,25,169,3,18,41,40,5,22,40
"E00004771",310,29,12,17,281,0,32,51,34,45,47,72
"E00004772",273,43,17,26,230,2,18,47,70,21,28,44
"E00004773",251,66,20,46,185,4,16,41,52,15,12,45
"E00004774",206,36,10,26,170,8,20,40,82,5,0,15
"E00004775",267,40,13,27,227,2,18,72,46,5,31,53
"E00004776",310,34,5,29,276,21,10,60,112,0,14,59
"E00004777",301,33,9,24,268,33,14,58,30,37,32,64
"E00004778",220,42,13,29,178,2,18,42,42,15,11,48
"E00004779",299,60,23,37,239,17,34,97,26,5,22,38
"E00004780",276,40,20,20,236,0,24,78,68,5,32,29
"E00004781",297,43,12,31,254,17,28,57,66,5,39,42
"E00004782",253,45,24,21,208,0,28,65,32,25,33,25
"E00004783",311,33,13,20,278,19,38,64,28,31,38,60
"E00004784",264,54,22,32,210,6,28,57,24,16,33,46
"E00004785",288,41,17,24,247,32,18,49,34,11,27,76
"E00004786",194,47,14,33,147,0,30,23,50,0,0,44
"E00004787",281,64,12,52,217,6,12,40,78,10,22,49
"E00004788",249,52,10,42,197,6,8,57,72,10,13,31
"E00004789",234,23,0,23,211,34,4,53,40,42,31,7
"E00004790",245,56,9,47,189,4,8,35,82,21,0,39
"E00004791",238,35,10,25,203,14,20,49,38,0,9,73
"E00004792",267,39,6,33,228,3,12,47,74,5,45,42
"E00004793",252,46,18,28,206,15,22,86,46,15,0,22
"E00004794",521,54,18,36,467,25,54,77,56,79,94,82
"E00004795",251,35,7,28,216,6,10,49,36,10,40,65
"E00004796",263,48,8,40,215,2,12,50,92,0,10,49
"E00004797",336,53,15,38,283,29,16,36,48,25,75,54
"E00004798",242,35,11,24,207,7,8,74,74,0,17,27
"E00004799",306,45,6,39,261,8,14,76,88,5,22,48
"E00004801",286,39,5,34,247,5,8,58,102,0,10,64
"E00004802",229,33,5,28,196,6,12,65,72,5,5,31
"E00004803",153,36,11,25,117,8,10,10,42,5,9,33
"E00004804",219,50,5,45,169,0,6,50,56,0,0,57
"E00004805",226,31,6,25,195,34,18,39,26,16,16,46
"E00004806",256,45,7,38,211,3,10,65,82,6,10,35
"E00004807",246,36,14,22,210,28,22,38,42,17,21,42
"E00004808",230,28,8,20,202,0,12,9,42,5,8,126
"E00004809",253,42,16,26,211,7,36,61,50,0,31,26
"E00004810",295,32,10,22,263,2,28,78,60,5,16,74
"E00004811",270,42,12,30,228,11,8,48,76,5,9,71
"E00004812",358,60,8,52,298,40,20,29,70,21,59,59
"E00004813",374,64,16,48,310,10,26,81,94,31,14,54
"E00004814",209,61,13,48,148,2,14,16,82,5,7,22
"E00004815",512,93,15,78,419,29,20,75,120,10,56,109
"E00004816",245,69,7,62,176,2,8,35,58,9,5,59
"E00004817",258,43,11,32,215,8,18,78,26,15,9,61
"E00004818",202,89,2,87,113,2,4,6,66,0,0,35
"E00004819",335,35,6,29,300,5,18,96,72,20,18,71
"E00004820",292,52,4,48,240,0,10,60,76,10,9,75
"E00004821",191,56,7,49,135,6,8,23,56,5,0,37
"E00004822",350,29,12,17,321,9,10,103,66,15,28,90
"E00004823",387,77,34,43,310,28,26,64,64,33,50,45
"E00004824",218,69,7,62,149,4,8,12,72,0,4,49
"E00004825",201,53,2,51,148,0,4,32,62,0,9,41
"E00004826",235,47,3,44,188,6,18,22,86,0,4,52
"E00004827",344,81,13,68,263,41,10,48,48,7,41,68
"E00004828",273,63,14,49,210,18,22,13,34,16,23,84
"E00004829",238,48,7,41,190,2,8,18,54,5,30,73
"E00004830",304,60,12,48,244,17,6,33,56,0,39,93
"E00004831",255,52,5,47,203,38,4,54,32,17,37,21
"E00004832",342,50,3,47,292,11,6,20,76,13,42,124
"E00004833",331,55,13,42,276,12,14,36,92,11,24,87
"E00004834",437,64,14,50,373,27,16,47,96,33,76,78
"E00004835",325,69,9,60,256,9,2,28,112,10,6,89
"E00004836",335,81,21,60,254,12,10,40,46,0,14,132
"E00004837",400,70,10,60,330,31,4,63,120,16,6,90
"E00004838",258,64,13,51,194,11,16,26,54,12,28,47
"E00004839",341,94,11,83,247,21,4,23,80,0,41,78
"E00004840",236,41,4,37,195,8,14,27,84,15,13,34
"E00004841",276,51,15,36,225,23,16,34,70,28,9,45
"E00004842",266,35,9,26,231,8,10,58,58,5,6,86
"E00004843",206,53,10,43,153,13,6,25,62,0,21,26
"E00004844",276,57,13,44,219,8,8,43,92,5,18,45
"E00004845",240,59,20,39,181,4,10,36,76,0,5,50
"E00004846",279,39,8,31,240,10,10,46,82,10,11,71
"E00004847",237,71,28,43,166,6,6,39,74,0,4,37
"E00004848",327,70,16,54,257,11,12,52,70,5,27,80
"E00004849",286,46,14,32,240,10,14,43,90,0,22,61
"E00004850",446,59,22,37,387,21,10,84,122,5,25,120
"E00004851",188,31,5,26,157,7,4,16,76,0,6,48
"E00004852",290,46,14,32,244,2,18,61,88,5,12,58
"E00004853",307,50,7,43,257,10,4,16,80,5,0,142
"E00174649",293,29,0,29,264,33,0,33,42,30,35,91
"E00174650",145,50,1,49,95,2,6,6,56,0,0,25
"E00174651",162,37,3,34,125,35,2,10,36,10,0,32
"E00174652",168,30,5,25,138,26,10,7,64,5,10,16
"E00174653",334,31,13,18,303,4,14,16,30,15,117,107
"E00174654",257,26,3,23,231,10,12,26,52,39,20,72
"E00174655",269,86,18,68,183,2,26,13,60,0,4,78
"E00174656",222,56,34,22,166,2,4,33,50,5,0,72
"E00174657",263,26,4,22,237,16,10,48,48,32,26,57
"E00174658",161,32,8,24,129,0,8,25,46,0,12,38
"E00174659",326,75,15,60,251,0,10,19,70,5,18,129
"E00174660",134,13,4,9,121,7,8,21,14,0,19,52
"E00174661",271,19,2,17,252,29,4,32,28,7,80,72
"E00174662",120,69,2,67,51,0,0,4,30,0,0,17
"E00174663",144,92,4,88,52,0,4,3,14,0,5,26
"E00174664",123,86,6,80,37,0,0,9,14,0,0,14
"E00174665",260,43,8,35,217,56,6,18,50,5,22,60
"E00174666",155,38,0,38,117,5,0,41,44,16,5,6
"E00174667",216,32,6,26,184,4,2,10,38,17,21,92
"E00174668",278,36,24,12,242,29,16,18,32,16,48,83
"E00174669",358,29,7,22,329,58,4,81,26,52,80,28
"E00174670",280,35,3,32,245,6,8,115,38,50,18,10
"E00174671",164,36,4,32,128,3,8,39,56,0,0,22
"E00174672",245,72,2,70,173,8,0,31,88,0,6,40
"E00174673",111,77,1,76,34,2,0,3,18,0,0,11
"E00174674",152,39,2,37,113,0,0,7,72,0,0,34
"E00174675",257,46,11,35,211,10,8,20,64,6,29,74
"E00174676",200,110,1,109,90,2,2,0,68,0,0,18
"E00174677",348,60,19,41,288,30,14,92,74,15,27,36
"E00174678",238,36,10,26,202,14,8,31,74,0,0,75
"E00174679",64,37,0,37,27,0,2,6,16,0,0,3
"E00174680",241,28,8,20,213,30,12,25,22,15,29,80
