"GeographyCode","QS403EW0001","QS403EW0002","QS403EW0003","QS403EW0004","QS403EW0005","QS403EW0006","QS403EW0007","QS403EW0008","QS403EW0009","QS403EW0010","QS403EW0011","QS403EW0012","QS403EW0013","QS403EW0014"
"E00004120",286,133,81,52,0,23,15,8,110,104,0,2,4,20
"E00004121",250,119,66,53,0,44,0,44,84,77,0,6,1,3
"E00004122",236,149,60,89,0,0,0,0,86,84,0,2,0,1
"E00004123",296,179,70,109,0,20,7,13,83,60,23,0,0,14
"E00004124",176,92,52,40,0,6,6,0,75,75,0,0,0,3
"E00004125",268,112,67,45,2,1,1,0,150,141,0,9,0,3
"E00004126",274,117,69,48,0,31,23,8,117,115,0,2,0,9
"E00004127",265,88,42,46,1,72,22,50,95,87,2,6,0,9
"E00004128",293,140,76,64,4,16,15,1,129,120,3,6,0,4
"E00004129",265,108,55,53,0,21,16,5,133,131,0,2,0,3
"E00004130",268,142,86,56,0,17,7,10,108,106,0,1,1,1
"E00004131",280,195,123,72,0,16,16,0,63,59,0,2,2,6
"E00004132",196,102,53,49,6,1,1,0,80,76,0,4,0,7
"E00004133",255,106,40,66,0,28,16,12,120,116,0,4,0,1
"E00004134",188,93,63,30,0,9,1,8,80,78,1,1,0,6
"E00004135",143,49,21,28,0,2,1,1,88,85,0,3,0,4
"E00004136",228,126,63,63,0,5,5,0,96,90,4,2,0,1
"E00004137",272,167,99,68,0,26,10,16,79,79,0,0,0,0
"E00004138",225,65,44,21,0,57,48,9,101,101,0,0,0,2
"E00004139",333,26,9,17,0,275,251,24,30,26,0,0,4,2
"E00004140",206,107,76,31,0,3,3,0,96,96,0,0,0,0
"E00004141",188,75,31,44,1,66,5,61,44,42,0,0,2,2
"E00004142",237,124,61,63,0,14,8,6,97,95,0,2,0,2
"E00004143",242,140,59,81,0,17,3,14,84,82,0,2,0,1
"E00004144",230,134,80,54,0,4,4,0,92,85,0,2,5,0
"E00004145",208,122,74,48,1,13,6,7,71,71,0,0,0,1
"E00004146",249,103,51,52,0,38,30,8,105,103,0,2,0,3
"E00004147",225,101,68,33,2,2,2,0,118,116,0,2,0,2
"E00004148",175,114,73,41,0,1,1,0,59,58,1,0,0,1
"E00004149",317,178,103,75,0,10,7,3,128,127,0,1,0,1
"E00004150",304,95,34,61,0,8,8,0,197,195,0,2,0,4
"E00004151",261,142,58,84,0,5,2,3,111,111,0,0,0,3
"E00004152",243,151,99,52,1,6,0,6,82,79,3,0,0,3
"E00004153",206,84,43,41,0,42,4,38,73,69,0,3,1,7
"E00004154",255,134,82,52,0,0,0,0,118,116,0,0,2,3
"E00004155",250,140,61,79,0,9,8,1,101,97,4,0,0,0
"E00004156",223,93,50,43,2,14,5,9,111,107,0,4,0,3
"E00004157",226,113,46,67,0,3,0,3,104,104,0,0,0,6
"E00004158",284,41,18,23,0,178,142,36,59,55,0,4,0,6
"E00004159",394,27,19,8,0,330,323,7,35,35,0,0,0,2
"E00004160",214,20,7,13,0,175,155,20,11,11,0,0,0,8
"E00004161",201,114,59,55,0,7,5,2,74,68,0,6,0,6
"E00004162",248,64,36,28,0,8,7,1,171,169,0,0,2,5
"E00004163",391,153,79,74,3,79,18,61,155,152,0,3,0,1
"E00004164",383,39,29,10,1,322,316,6,17,17,0,0,0,4
"E00004165",345,29,11,18,0,275,268,7,41,40,0,1,0,0
"E00004166",416,25,23,2,4,340,340,0,45,43,0,0,2,2
"E00004167",282,212,108,104,2,6,4,2,62,54,0,8,0,0
"E00004168",194,112,76,36,0,8,3,5,73,69,0,0,4,1
"E00004169",293,78,52,26,1,63,0,63,148,111,5,7,25,3
"E00004172",229,71,50,21,3,84,71,13,69,51,6,11,1,2
"E00004173",192,61,51,10,0,54,18,36,73,65,0,4,4,4
"E00004174",274,30,10,20,0,113,108,5,124,116,7,1,0,7
"E00004175",272,35,22,13,0,184,179,5,52,48,0,4,0,1
"E00004177",105,26,17,9,0,5,1,4,65,61,0,3,1,9
"E00004179",327,55,30,25,0,243,243,0,18,17,0,1,0,11
"E00004180",283,39,12,27,1,126,111,15,112,105,4,3,0,5
"E00004181",355,75,37,38,4,230,225,5,35,21,0,10,4,11
"E00004182",162,68,24,44,3,56,4,52,35,33,2,0,0,0
"E00004183",197,9,1,8,1,178,11,167,9,8,0,0,1,0
"E00004184",210,35,17,18,2,123,87,36,46,41,0,5,0,4
"E00004185",413,37,17,20,0,198,97,101,155,137,0,9,9,23
"E00004187",488,184,95,89,0,43,25,18,251,244,0,4,3,10
"E00004188",182,62,39,23,0,5,2,3,112,108,0,2,2,3
"E00004189",272,41,32,9,0,9,6,3,208,202,2,4,0,14
"E00004190",471,328,193,135,2,3,1,2,109,90,0,19,0,29
"E00004193",244,43,26,17,3,61,15,46,127,108,2,1,16,10
"E00004194",252,93,65,28,0,22,22,0,133,130,2,1,0,4
"E00004195",311,31,17,14,1,49,14,35,224,211,1,3,9,6
"E00004196",211,93,48,45,2,23,4,19,81,73,0,8,0,12
"E00004197",237,97,65,32,0,17,8,9,119,100,0,19,0,4
"E00004198",350,64,40,24,5,53,33,20,220,200,7,8,5,8
"E00004199",286,47,24,23,2,19,0,19,215,201,13,1,0,3
"E00004200",248,39,13,26,1,62,13,49,144,123,9,4,8,2
"E00004201",272,169,121,48,0,12,9,3,87,76,4,7,0,4
"E00004202",171,2,1,1,0,158,14,144,9,7,0,0,2,2
"E00004203",319,95,59,36,0,34,29,5,178,169,4,3,2,12
"E00004204",277,158,92,66,0,6,6,0,110,106,3,1,0,3
"E00004205",352,201,106,95,0,22,13,9,121,108,0,10,3,8
"E00004206",310,69,42,27,0,201,157,44,40,32,0,8,0,0
"E00004207",365,35,14,21,0,233,216,17,97,97,0,0,0,0
"E00004208",303,28,18,10,1,200,195,5,73,71,0,2,0,1
"E00004209",271,43,10,33,0,120,105,15,103,92,0,5,6,5
"E00004210",323,41,14,27,0,241,234,7,41,39,0,2,0,0
"E00004211",306,75,31,44,0,81,66,15,150,149,0,1,0,0
"E00004212",330,134,75,59,1,108,36,72,85,69,0,14,2,2
"E00004213",456,33,12,21,3,331,40,291,70,65,0,4,1,19
"E00004214",521,107,42,65,8,294,11,283,100,98,0,2,0,12
"E00004215",269,151,90,61,0,25,21,4,93,89,0,4,0,0
"E00004216",299,207,99,108,4,6,4,2,79,79,0,0,0,3
"E00004217",244,101,39,62,1,34,25,9,107,100,0,6,1,1
"E00004218",305,92,40,52,0,158,153,5,54,48,0,6,0,1
"E00004219",366,141,59,82,0,55,45,10,165,164,0,0,1,5
"E00004220",170,31,10,21,1,118,118,0,19,19,0,0,0,1
"E00004221",232,118,66,52,1,16,5,11,95,90,0,5,0,2
"E00004222",211,83,45,38,0,48,14,34,76,74,0,1,1,4
"E00004223",321,23,11,12,4,237,105,132,56,51,0,2,3,1
"E00004224",280,139,77,62,2,0,0,0,135,123,4,2,6,4
"E00004225",386,25,18,7,8,64,28,36,273,263,1,5,4,16
"E00004226",256,171,111,60,0,6,4,2,70,69,0,1,0,9
"E00004227",271,117,66,51,1,72,49,23,76,55,10,11,0,5
"E00004228",204,124,79,45,1,25,17,8,54,54,0,0,0,0
"E00004229",318,149,68,81,0,53,2,51,109,103,1,3,2,7
"E00004230",283,70,15,55,1,141,128,13,71,65,0,6,0,0
"E00004231",328,215,120,95,4,11,5,6,97,93,0,4,0,1
"E00004232",202,69,56,13,0,98,3,95,31,30,0,1,0,4
"E00004233",231,78,53,25,2,89,8,81,57,54,0,3,0,5
"E00004234",242,125,66,59,0,5,5,0,110,105,2,3,0,2
"E00004235",326,44,20,24,15,149,5,144,111,109,2,0,0,7
"E00004236",329,56,36,20,0,123,89,34,149,138,0,9,2,1
"E00004237",267,51,21,30,0,130,113,17,82,80,0,0,2,4
"E00004238",290,170,92,78,0,36,36,0,80,75,0,5,0,4
"E00004239",215,36,19,17,0,156,11,145,22,18,0,0,4,1
"E00004240",329,62,34,28,6,118,78,40,135,125,0,9,1,8
"E00004241",295,206,115,91,0,12,6,6,67,63,0,4,0,10
"E00004242",176,57,37,20,2,30,17,13,82,44,30,2,6,5
"E00004243",290,217,125,92,0,5,0,5,67,65,0,2,0,1
"E00004244",292,67,19,48,1,216,216,0,1,1,0,0,0,7
"E00004245",317,81,31,50,0,179,141,38,52,51,0,1,0,5
"E00004246",264,96,27,69,1,89,57,32,74,69,0,0,5,4
"E00004247",314,126,64,62,2,110,30,80,70,67,0,3,0,6
"E00004248",446,118,64,54,2,223,138,85,100,91,0,7,2,3
"E00004249",226,105,44,61,0,40,32,8,80,70,0,10,0,1
"E00004250",271,128,49,79,0,43,7,36,96,96,0,0,0,4
"E00004251",231,152,84,68,0,38,29,9,40,34,0,6,0,1
"E00004252",252,120,80,40,0,71,40,31,60,52,0,8,0,1
"E00004253",296,79,24,55,1,118,114,4,96,96,0,0,0,2
"E00004254",315,29,6,23,7,255,180,75,22,19,0,3,0,2
"E00004255",282,98,44,54,0,90,52,38,91,89,0,2,0,3
"E00004256",361,74,20,54,2,184,159,25,94,60,4,0,30,7
"E00004257",264,86,41,45,4,71,48,23,102,100,0,2,0,1
"E00004258",236,54,18,36,2,45,25,20,135,134,0,1,0,0
"E00004259",328,30,16,14,1,255,215,40,37,33,0,3,1,5
"E00004260",220,13,7,6,0,195,195,0,12,12,0,0,0,0
"E00004261",275,36,20,16,1,142,107,35,96,93,0,3,0,0
"E00004262",281,25,7,18,0,245,233,12,11,11,0,0,0,0
"E00004263",385,49,14,35,0,278,278,0,51,50,0,1,0,7
"E00004264",348,83,20,63,10,58,12,46,197,187,0,6,4,0
"E00004265",234,35,5,30,0,130,130,0,69,69,0,0,0,0
"E00004266",345,90,29,61,5,202,182,20,45,42,0,3,0,3
"E00004268",319,49,11,38,0,205,156,49,59,57,2,0,0,6
"E00004269",231,50,9,41,7,111,105,6,61,61,0,0,0,2
"E00004270",448,88,36,52,2,134,114,20,223,204,0,19,0,1
"E00004271",328,86,38,48,0,94,68,26,144,139,0,4,1,4
"E00004272",273,175,93,82,0,63,56,7,35,31,0,4,0,0
"E00004273",364,205,101,104,0,28,25,3,127,119,0,6,2,4
"E00004274",291,148,56,92,0,72,53,19,67,59,4,3,1,4
"E00004275",199,73,25,48,0,48,33,15,78,76,0,1,1,0
"E00004276",274,92,34,58,6,114,93,21,59,54,0,5,0,3
"E00004277",259,112,67,45,0,65,31,34,81,70,2,7,2,1
"E00004278",218,63,33,30,0,60,44,16,90,89,0,1,0,5
"E00004279",290,75,17,58,0,141,42,99,69,63,0,6,0,5
"E00004280",211,91,46,45,0,67,25,42,51,44,2,5,0,2
"E00004281",251,104,50,54,0,56,36,20,88,80,0,8,0,3
"E00004282",302,95,29,66,0,64,28,36,139,136,0,3,0,4
"E00004283",267,132,41,91,5,68,55,13,57,57,0,0,0,5
"E00004284",247,50,14,36,0,93,23,70,99,99,0,0,0,5
"E00004285",270,82,48,34,0,31,24,7,153,153,0,0,0,4
"E00004286",294,85,45,40,7,42,35,7,158,158,0,0,0,2
"E00004287",265,96,33,63,0,9,0,9,160,148,0,10,2,0
"E00004288",318,71,35,36,4,93,55,38,150,141,0,4,5,0
"E00004289",232,77,35,42,4,23,4,19,128,122,0,5,1,0
"E00004290",306,74,35,39,0,43,11,32,187,187,0,0,0,2
"E00004291",340,71,19,52,0,223,217,6,45,38,6,0,1,1
"E00004292",332,31,17,14,0,255,231,24,40,40,0,0,0,6
"E00004293",276,51,15,36,0,127,39,88,98,98,0,0,0,0
"E00004294",215,43,10,33,3,51,26,25,115,114,0,1,0,3
"E00004295",378,218,122,96,18,13,7,6,126,122,0,4,0,3
"E00004296",383,132,60,72,6,176,158,18,64,63,0,0,1,5
"E00004297",291,105,44,61,0,13,0,13,165,148,0,16,1,8
"E00004298",311,219,116,103,3,23,14,9,66,66,0,0,0,0
"E00004299",302,183,61,122,0,28,6,22,89,89,0,0,0,2
"E00004300",273,112,43,69,0,66,28,38,90,87,0,2,1,5
"E00004301",503,73,44,29,2,60,33,27,366,364,0,2,0,2
"E00004302",303,70,31,39,0,74,70,4,159,158,0,1,0,0
"E00004303",299,227,134,93,0,9,6,3,62,56,0,5,1,1
"E00004304",397,183,58,125,3,45,22,23,163,159,0,4,0,3
"E00004305",355,187,80,107,0,0,0,0,163,156,3,4,0,5
"E00004306",315,180,82,98,0,1,0,1,126,118,4,2,2,8
"E00004307",368,249,124,125,0,42,19,23,71,66,3,2,0,6
"E00004308",278,140,62,78,0,44,18,26,94,88,0,6,0,0
"E00004309",286,151,61,90,0,12,12,0,119,113,0,3,3,4
"E00004310",306,203,89,114,3,16,16,0,78,74,0,4,0,6
"E00004311",282,204,77,127,0,24,19,5,52,46,0,6,0,2
"E00004312",321,171,98,73,0,51,31,20,97,95,0,2,0,2
"E00004313",279,169,82,87,0,3,0,3,102,98,0,0,4,5
"E00004314",312,108,29,79,0,29,8,21,173,166,0,7,0,2
"E00004315",304,163,61,102,0,11,11,0,130,126,0,4,0,0
"E00004316",244,61,15,46,4,37,22,15,142,138,0,2,2,0
"E00004317",390,158,64,94,0,64,9,55,164,158,2,4,0,4
"E00004318",282,157,63,94,0,27,8,19,98,97,0,1,0,0
"E00004319",261,88,28,60,7,10,10,0,156,149,0,7,0,0
"E00004320",268,182,96,86,6,5,1,4,67,63,0,4,0,8
"E00004321",299,127,78,49,0,29,3,26,128,128,0,0,0,15
"E00004322",296,191,141,50,0,2,2,0,97,88,0,2,7,6
"E00004323",236,71,38,33,0,68,9,59,86,82,0,4,0,11
"E00004324",299,160,96,64,0,31,31,0,99,96,0,3,0,9
"E00004325",235,109,64,45,0,6,6,0,119,116,2,1,0,1
"E00004326",265,69,56,13,0,36,17,19,156,156,0,0,0,4
"E00004327",320,156,81,75,0,24,22,2,132,132,0,0,0,8
"E00004328",237,134,73,61,0,13,10,3,86,84,2,0,0,4
"E00004329",298,106,37,69,0,32,25,7,157,156,0,1,0,3
"E00004330",294,140,67,73,0,2,0,2,148,145,0,2,1,4
"E00004331",281,86,46,40,0,70,70,0,124,124,0,0,0,1
"E00004332",189,86,45,41,2,16,3,13,82,72,1,0,9,3
"E00004333",247,131,72,59,0,21,20,1,90,89,0,1,0,5
"E00004334",212,77,47,30,0,23,23,0,107,104,0,2,1,5
"E00004335",295,121,72,49,0,9,9,0,156,154,0,2,0,9
"E00004336",346,78,56,22,0,11,1,10,255,255,0,0,0,2
"E00004337",260,87,63,24,5,46,46,0,113,110,0,3,0,9
"E00004338",271,123,69,54,1,3,3,0,144,144,0,0,0,0
"E00004339",234,81,46,35,9,22,22,0,120,113,0,3,4,2
"E00004340",221,38,25,13,2,10,6,4,163,161,0,2,0,8
"E00004341",234,94,46,48,0,2,0,2,134,133,0,0,1,4
"E00004342",197,107,59,48,0,2,2,0,83,71,0,12,0,5
"E00004343",221,102,53,49,0,1,1,0,115,108,2,4,1,3
"E00004344",242,95,45,50,0,14,11,3,128,128,0,0,0,5
"E00004345",309,207,141,66,0,5,0,5,80,80,0,0,0,17
"E00004346",247,69,50,19,5,116,114,2,57,57,0,0,0,0
"E00004347",247,165,77,88,0,5,5,0,72,72,0,0,0,5
"E00004348",272,140,66,74,0,19,7,12,112,111,0,0,1,1
"E00004349",344,244,121,123,0,17,9,8,77,74,0,3,0,6
"E00004350",268,162,103,59,0,1,0,1,99,95,0,4,0,6
"E00004351",272,172,132,40,0,14,0,14,75,74,0,1,0,11
"E00004352",303,214,123,91,1,13,13,0,73,70,0,2,1,2
"E00004353",251,137,100,37,0,0,0,0,107,103,0,3,1,7
"E00004354",250,160,112,48,0,0,0,0,78,76,0,2,0,12
"E00004355",261,132,68,64,0,40,35,5,85,85,0,0,0,4
"E00004356",315,199,116,83,0,6,5,1,107,103,0,0,4,3
"E00004357",350,205,112,93,0,1,0,1,139,134,5,0,0,5
"E00004358",272,156,59,97,2,62,59,3,50,50,0,0,0,2
"E00004359",314,202,148,54,0,0,0,0,95,94,0,0,1,17
"E00004360",275,159,80,79,0,13,11,2,99,96,0,3,0,4
"E00004361",216,120,87,33,1,40,40,0,51,51,0,0,0,4
"E00004362",336,63,11,52,2,212,183,29,56,54,0,2,0,3
"E00004363",401,45,7,38,10,282,273,9,55,51,0,4,0,9
"E00004364",509,103,41,62,8,306,259,47,85,85,0,0,0,7
"E00004365",251,99,31,68,6,6,0,6,136,131,0,2,3,4
"E00004366",281,15,2,13,3,247,247,0,13,13,0,0,0,3
"E00004367",347,53,23,30,0,249,248,1,37,33,0,4,0,8
"E00004368",362,191,111,80,19,7,4,3,141,136,4,1,0,4
"E00004369",267,45,18,27,1,187,182,5,34,32,0,1,1,0
"E00004370",243,45,25,20,0,175,158,17,18,18,0,0,0,5
"E00004371",227,26,6,20,0,184,183,1,16,14,0,2,0,1
"E00004372",305,64,27,37,0,184,184,0,57,56,0,1,0,0
"E00004373",336,19,3,16,0,281,276,5,25,21,4,0,0,11
"E00004374",229,17,7,10,0,168,162,6,41,36,0,5,0,3
"E00004375",253,145,86,59,0,27,27,0,75,73,0,2,0,6
"E00004376",401,95,24,71,3,244,134,110,53,48,0,5,0,6
"E00004377",222,14,6,8,0,191,186,5,17,17,0,0,0,0
"E00004378",309,122,53,69,2,75,30,45,102,96,0,3,3,8
"E00004379",267,154,84,70,0,30,27,3,71,63,0,7,1,12
"E00004380",347,26,12,14,3,204,200,4,104,101,0,2,1,10
"E00004381",286,177,54,123,3,27,27,0,74,72,0,2,0,5
"E00004382",291,159,84,75,0,45,15,30,85,82,0,3,0,2
"E00004383",206,127,57,70,0,27,22,5,52,47,0,5,0,0
"E00004384",220,119,59,60,0,40,33,7,61,58,0,2,1,0
"E00004385",226,137,49,88,1,23,13,10,56,54,2,0,0,9
"E00004386",258,157,79,78,4,32,22,10,64,62,0,2,0,1
"E00004387",203,132,68,64,0,7,4,3,64,55,0,9,0,0
"E00004388",235,154,63,91,0,11,6,5,70,64,0,6,0,0
"E00004389",275,181,91,90,0,17,17,0,76,73,0,3,0,1
"E00004390",275,122,58,64,0,63,63,0,81,81,0,0,0,9
"E00004391",310,169,97,72,1,31,13,18,109,106,0,3,0,0
"E00004392",239,153,96,57,0,46,24,22,35,33,2,0,0,5
"E00004393",280,72,37,35,0,140,136,4,66,66,0,0,0,2
"E00004394",199,84,38,46,0,82,81,1,32,32,0,0,0,1
"E00004395",263,121,37,84,0,34,32,2,105,103,0,0,2,3
"E00004396",279,34,13,21,1,207,155,52,30,30,0,0,0,7
"E00004397",298,15,5,10,0,266,102,164,10,10,0,0,0,7
"E00004398",232,91,37,54,2,96,84,12,41,38,0,3,0,2
"E00004399",392,59,21,38,0,283,276,7,50,50,0,0,0,0
"E00004400",340,38,13,25,0,289,285,4,13,11,0,2,0,0
"E00004401",289,193,123,70,0,21,21,0,73,70,0,3,0,2
"E00004402",251,132,85,47,0,19,7,12,99,99,0,0,0,1
"E00004403",282,235,164,71,0,0,0,0,34,33,1,0,0,13
"E00004404",266,170,118,52,0,5,5,0,85,83,2,0,0,6
"E00004405",303,205,135,70,0,0,0,0,85,81,0,2,2,13
"E00004406",238,182,107,75,0,7,6,1,38,38,0,0,0,11
"E00004407",281,195,127,68,0,10,4,6,65,63,0,0,2,11
"E00004408",259,170,106,64,0,2,2,0,85,85,0,0,0,2
"E00004409",250,81,55,26,0,111,104,7,40,39,0,1,0,18
"E00004410",260,121,62,59,0,72,68,4,60,60,0,0,0,7
"E00004411",252,145,83,62,1,7,7,0,98,96,0,2,0,1
"E00004412",267,163,106,57,7,6,3,3,89,85,0,2,2,2
"E00004413",243,139,79,60,0,7,7,0,96,93,1,2,0,1
"E00004414",284,180,107,73,6,15,8,7,80,77,0,3,0,3
"E00004415",303,146,94,52,0,33,1,32,123,106,2,9,6,1
"E00004416",258,164,118,46,0,11,10,1,81,68,0,13,0,2
"E00004417",283,188,117,71,0,10,5,5,80,75,0,5,0,5
"E00004418",260,188,108,80,0,10,10,0,60,58,0,2,0,2
"E00004419",244,43,24,19,0,8,2,6,190,174,14,2,0,3
"E00004420",266,156,98,58,0,4,4,0,100,98,0,2,0,6
"E00004421",298,148,83,65,0,4,4,0,139,129,8,2,0,7
"E00004422",183,80,51,29,0,19,16,3,81,78,0,3,0,3
"E00004423",245,140,91,49,0,14,4,10,88,82,0,1,5,3
"E00004424",228,116,63,53,0,7,7,0,101,97,0,4,0,4
"E00004425",352,242,154,88,0,0,0,0,109,109,0,0,0,1
"E00004426",299,170,101,69,0,20,12,8,105,99,0,6,0,4
"E00004427",296,234,156,78,0,2,2,0,55,53,2,0,0,5
"E00004428",220,95,60,35,2,2,0,2,114,106,0,7,1,7
"E00004429",240,124,83,41,0,6,4,2,109,103,6,0,0,1
"E00004430",169,19,13,6,1,102,97,5,43,42,0,1,0,4
"E00004431",265,161,96,65,0,9,9,0,91,91,0,0,0,4
"E00004432",272,178,95,83,0,2,2,0,83,78,2,3,0,9
"E00004433",300,155,120,35,0,8,3,5,135,131,0,3,1,2
"E00004435",235,47,21,26,0,110,106,4,73,71,0,2,0,5
"E00004436",328,196,146,50,3,41,25,16,80,80,0,0,0,8
"E00004437",260,135,79,56,0,2,2,0,97,95,0,2,0,26
"E00004438",211,82,53,29,0,6,6,0,115,114,0,0,1,8
"E00004439",243,173,101,72,0,0,0,0,64,64,0,0,0,6
"E00004440",255,151,81,70,0,11,11,0,89,89,0,0,0,4
"E00004441",261,151,74,77,0,30,23,7,79,76,0,0,3,1
"E00004442",247,29,16,13,0,177,146,31,34,34,0,0,0,7
"E00004444",432,51,8,43,1,313,307,6,55,52,0,3,0,12
"E00004445",236,89,25,64,9,73,68,5,64,55,6,3,0,1
"E00004446",304,79,29,50,12,177,164,13,36,36,0,0,0,0
"E00004447",106,26,13,13,0,54,5,49,25,25,0,0,0,1
"E00004448",328,82,27,55,4,196,177,19,41,40,0,0,1,5
"E00004450",381,81,33,48,2,137,117,20,157,154,0,3,0,4
"E00004451",263,76,48,28,1,154,6,148,29,29,0,0,0,3
"E00004452",316,79,44,35,0,158,50,108,76,64,0,7,5,3
"E00004453",409,91,38,53,4,248,243,5,55,53,0,2,0,11
"E00004454",473,46,33,13,38,325,163,162,60,57,0,3,0,4
"E00004455",351,17,3,14,3,289,273,16,38,36,0,2,0,4
"E00004456",322,18,6,12,0,298,57,241,6,6,0,0,0,0
"E00004457",246,139,78,61,0,20,20,0,82,75,4,0,3,5
"E00004458",440,150,59,91,2,200,169,31,88,87,1,0,0,0
"E00004459",310,30,1,29,0,256,250,6,23,22,0,1,0,1
"E00004460",220,28,22,6,7,153,153,0,26,24,0,2,0,6
"E00004461",388,23,6,17,0,308,308,0,57,54,0,3,0,0
"E00004462",237,120,58,62,0,38,29,9,75,66,0,8,1,4
"E00004463",364,20,4,16,6,314,311,3,24,24,0,0,0,0
"E00004464",110,2,2,0,0,106,101,5,0,0,0,0,0,2
"E00004465",373,81,35,46,0,241,211,30,51,49,0,2,0,0
"E00004466",220,89,47,42,0,6,5,1,118,115,0,3,0,7
"E00004467",304,51,22,29,6,199,198,1,48,40,0,8,0,0
"E00004468",437,33,5,28,0,353,333,20,51,45,0,6,0,0
"E00004469",262,164,104,60,0,17,16,1,79,74,0,5,0,2
"E00004470",329,74,42,32,0,155,138,17,99,85,0,14,0,1
"E00004471",218,126,73,53,0,0,0,0,89,81,0,5,3,3
"E00004472",356,50,6,44,0,209,201,8,94,86,4,4,0,3
"E00004473",240,108,65,43,0,50,50,0,75,70,0,5,0,7
"E00004474",362,175,82,93,0,61,38,23,126,123,0,3,0,0
"E00004475",291,38,6,32,0,219,206,13,33,33,0,0,0,1
"E00004476",352,15,10,5,0,297,288,9,40,36,0,0,4,0
"E00004477",298,132,66,66,0,29,27,2,135,125,0,7,3,2
"E00004478",438,87,38,49,15,147,80,67,188,183,1,3,1,1
"E00004479",294,77,35,42,0,139,134,5,74,71,0,3,0,4
"E00004480",226,98,56,42,6,45,33,12,75,71,0,3,1,2
"E00004481",313,80,41,39,2,226,226,0,5,5,0,0,0,0
"E00004482",293,184,92,92,1,48,35,13,60,60,0,0,0,0
"E00004483",284,185,122,63,0,18,10,8,75,73,2,0,0,6
"E00004484",299,161,89,72,0,84,64,20,50,45,0,4,1,4
"E00004485",274,108,42,66,0,110,100,10,50,41,0,9,0,6
"E00004486",276,145,80,65,18,68,68,0,40,34,0,6,0,5
"E00004487",213,45,15,30,1,125,24,101,42,38,0,4,0,0
"E00004488",211,7,3,4,0,193,11,182,5,5,0,0,0,6
"E00004489",284,86,42,44,7,124,122,2,50,50,0,0,0,17
"E00004490",247,38,17,21,5,138,112,26,56,50,2,4,0,10
"E00004491",301,74,27,47,1,183,173,10,42,42,0,0,0,1
"E00004492",325,250,134,116,0,4,4,0,62,54,8,0,0,9
"E00004493",229,40,14,26,0,145,142,3,41,33,1,3,4,3
"E00004494",385,242,128,114,1,4,4,0,118,109,3,6,0,20
"E00004495",256,208,136,72,0,11,8,3,35,31,0,4,0,2
"E00004496",343,259,177,82,2,6,3,3,58,56,0,2,0,18
"E00004497",260,58,6,52,0,181,174,7,18,14,0,4,0,3
"E00004498",332,93,31,62,5,200,197,3,33,33,0,0,0,1
"E00004499",393,355,189,166,0,8,4,4,27,27,0,0,0,3
"E00004500",169,47,12,35,0,85,84,1,37,32,0,5,0,0
"E00004501",116,43,22,21,0,44,44,0,29,28,0,1,0,0
"E00004502",254,42,17,25,0,181,177,4,31,31,0,0,0,0
"E00004503",209,53,26,27,0,114,106,8,36,27,0,5,4,6
"E00004504",352,296,185,111,3,10,10,0,37,33,0,4,0,6
"E00004505",291,88,34,54,2,159,108,51,41,41,0,0,0,1
"E00004506",286,70,13,57,3,166,161,5,39,34,0,5,0,8
"E00004507",259,200,102,98,0,30,30,0,24,24,0,0,0,5
"E00004508",292,159,80,79,5,57,57,0,64,49,0,13,2,7
"E00004509",328,177,97,80,7,121,109,12,21,19,0,2,0,2
"E00004510",303,127,81,46,3,44,25,19,122,121,0,0,1,7
"E00004511",339,229,143,86,0,32,13,19,69,58,0,11,0,9
"E00004512",262,117,61,56,1,93,77,16,50,44,2,2,2,1
"E00004513",273,210,148,62,1,24,24,0,33,33,0,0,0,5
"E00004514",284,197,114,83,0,36,24,12,50,46,2,2,0,1
"E00004515",256,169,90,79,2,29,11,18,56,56,0,0,0,0
"E00004516",357,257,170,87,0,25,22,3,66,63,3,0,0,9
"E00004517",268,63,22,41,0,171,169,2,34,32,2,0,0,0
"E00004518",247,63,15,48,2,154,41,113,28,17,0,8,3,0
"E00004519",274,200,80,120,1,34,28,6,36,32,0,4,0,3
"E00004520",259,20,7,13,0,203,126,77,36,33,0,3,0,0
"E00004521",259,128,63,65,0,45,4,41,83,69,11,3,0,3
"E00004522",197,53,37,16,0,28,18,10,107,100,7,0,0,9
"E00004523",548,183,38,145,16,217,50,167,132,126,0,6,0,0
"E00004524",367,85,55,30,1,27,0,27,230,177,2,5,46,24
"E00004525",254,26,14,12,1,125,4,121,92,87,0,0,5,10
"E00004526",237,32,8,24,1,166,116,50,29,19,2,4,4,9
"E00004527",167,30,13,17,2,67,48,19,61,61,0,0,0,7
"E00004528",327,123,30,93,0,81,60,21,115,115,0,0,0,8
"E00004529",447,141,43,98,0,89,6,83,199,195,3,1,0,18
"E00004530",229,33,11,22,1,99,27,72,93,91,0,2,0,3
"E00004531",293,83,40,43,0,139,87,52,71,62,0,9,0,0
"E00004532",324,112,62,50,0,37,5,32,167,147,5,11,4,8
"E00004534",236,0,0,0,1,219,24,195,9,9,0,0,0,7
"E00004535",197,76,42,34,0,23,5,18,92,87,4,1,0,6
"E00004536",233,151,75,76,0,3,0,3,72,66,0,6,0,7
"E00004537",163,43,15,28,0,79,65,14,41,39,0,2,0,0
"E00004538",193,3,3,0,0,149,5,144,39,39,0,0,0,2
"E00004539",133,15,5,10,0,84,81,3,34,29,0,5,0,0
"E00004540",354,67,21,46,0,219,172,47,57,50,0,0,7,11
"E00004541",219,6,3,3,0,196,50,146,15,13,0,2,0,2
"E00004542",360,61,26,35,0,185,183,2,112,110,0,2,0,2
"E00004543",214,11,4,7,0,97,4,93,103,96,1,2,4,3
"E00004544",286,33,22,11,4,215,201,14,34,32,0,2,0,0
"E00004545",451,53,6,47,0,329,314,15,60,56,0,0,4,9
"E00004546",224,64,35,29,0,96,78,18,61,54,0,2,5,3
"E00004547",338,62,24,38,3,155,145,10,111,106,0,4,1,7
"E00004548",208,59,29,30,1,80,5,75,61,55,0,4,2,7
"E00004549",288,30,4,26,0,206,205,1,48,48,0,0,0,4
"E00004550",389,59,25,34,0,225,185,40,99,88,9,2,0,6
"E00004551",418,154,62,92,0,92,1,91,167,160,0,7,0,5
"E00004552",317,24,9,15,3,229,225,4,61,52,0,5,4,0
"E00004553",268,31,13,18,0,190,74,116,40,36,0,3,1,7
"E00004554",405,97,49,48,2,50,15,35,235,226,0,9,0,21
"E00004555",327,58,23,35,0,230,230,0,34,32,0,2,0,5
"E00004556",301,35,10,25,0,167,151,16,94,87,0,4,3,5
"E00004557",177,27,11,16,0,126,124,2,23,23,0,0,0,1
"E00004558",277,90,62,28,5,108,100,8,68,66,0,2,0,6
"E00004559",365,84,44,40,0,173,148,25,101,100,0,1,0,7
"E00004560",227,42,22,20,0,158,45,113,25,24,0,0,1,2
"E00004561",268,33,17,16,3,78,31,47,145,140,0,5,0,9
"E00004562",272,47,13,34,0,116,99,17,103,95,0,8,0,6
"E00004563",569,82,42,40,39,263,84,179,179,177,0,2,0,6
"E00004564",297,44,18,26,1,59,48,11,185,177,3,1,4,8
"E00004565",298,59,3,56,0,216,212,4,16,15,0,0,1,7
"E00004566",284,94,32,62,2,144,143,1,41,38,0,3,0,3
"E00004567",385,75,19,56,0,260,255,5,40,31,0,3,6,10
"E00004568",359,57,33,24,0,139,102,37,153,152,0,1,0,10
"E00004569",325,131,64,67,4,96,56,40,94,91,0,1,2,0
"E00004570",316,190,114,76,0,41,31,10,82,79,0,3,0,3
"E00004571",333,184,85,99,0,55,35,20,89,83,1,5,0,5
"E00004572",382,129,55,74,4,95,84,11,152,144,0,8,0,2
"E00004573",329,145,78,67,6,84,58,26,92,88,0,3,1,2
"E00004574",372,176,82,94,4,86,65,21,104,98,0,6,0,2
"E00004575",339,73,39,34,2,60,38,22,204,202,0,2,0,0
"E00004576",354,118,49,69,0,184,176,8,47,46,0,1,0,5
"E00004577",294,146,52,94,0,115,115,0,26,26,0,0,0,7
"E00004578",283,65,29,36,0,59,34,25,157,155,1,0,1,2
"E00004579",253,139,75,64,4,73,53,20,35,34,0,1,0,2
"E00004580",301,92,38,54,23,77,56,21,104,101,0,3,0,5
"E00004581",236,100,38,62,0,83,10,73,39,38,0,0,1,14
"E00004582",279,151,61,90,4,42,20,22,81,76,3,2,0,1
"E00004583",352,144,63,81,3,113,64,49,82,80,0,2,0,10
"E00004584",367,151,84,67,0,119,78,41,95,88,0,7,0,2
"E00004585",260,94,29,65,0,105,62,43,59,54,0,5,0,2
"E00004586",247,125,62,63,0,49,23,26,72,70,0,0,2,1
"E00004587",264,83,34,49,4,132,86,46,43,43,0,0,0,2
"E00004588",322,144,64,80,0,50,18,32,124,120,0,4,0,4
"E00004589",277,172,83,89,0,64,41,23,41,37,0,4,0,0
"E00004590",215,102,35,67,3,64,37,27,46,45,0,0,1,0
"E00004591",262,78,28,50,0,118,98,20,66,62,0,4,0,0
"E00004592",197,89,38,51,0,61,34,27,43,37,6,0,0,4
"E00004593",525,108,28,80,7,141,36,105,253,249,0,4,0,16
"E00004594",255,96,34,62,0,88,70,18,65,62,0,3,0,6
"E00004595",257,124,77,47,0,96,27,69,35,32,0,3,0,2
"E00004596",226,140,53,87,0,38,36,2,47,45,2,0,0,1
"E00004597",585,91,30,61,0,95,92,3,399,399,0,0,0,0
"E00004598",242,63,35,28,2,106,106,0,64,62,0,0,2,7
"E00004599",311,142,83,59,0,36,27,9,130,126,2,0,2,3
"E00004600",345,45,11,34,2,243,222,21,55,45,0,10,0,0
"E00004601",289,102,37,65,0,141,130,11,40,36,1,2,1,6
"E00004602",252,122,66,56,1,35,6,29,94,91,0,0,3,0
"E00004603",358,56,15,41,0,239,239,0,58,55,0,3,0,5
"E00004604",254,37,4,33,0,115,48,67,102,95,0,0,7,0
"E00004605",279,73,16,57,0,160,160,0,44,40,0,4,0,2
"E00004606",376,116,61,55,1,111,108,3,140,135,0,5,0,8
"E00004607",188,8,4,4,0,160,85,75,20,17,0,2,1,0
"E00004608",347,79,28,51,0,175,168,7,90,85,1,4,0,3
"E00004609",404,51,22,29,2,147,131,16,191,184,2,5,0,13
"E00004610",265,47,19,28,0,131,128,3,84,74,0,7,3,3
"E00004611",192,4,4,0,0,178,20,158,10,4,0,0,6,0
"E00004612",299,62,6,56,0,126,123,3,105,103,0,1,1,6
"E00004613",246,36,7,29,0,128,121,7,81,79,0,0,2,1
"E00004614",527,69,19,50,2,194,83,111,257,254,0,3,0,5
"E00004615",210,96,51,45,0,60,51,9,53,52,0,0,1,1
"E00004616",269,109,29,80,1,57,38,19,101,98,0,3,0,1
"E00004617",211,107,55,52,0,13,7,6,91,87,0,2,2,0
"E00004618",232,77,25,52,0,74,55,19,81,78,0,3,0,0
"E00004619",243,55,27,28,2,121,110,11,64,57,0,6,1,1
"E00004620",255,46,19,27,0,91,43,48,118,116,0,2,0,0
"E00004621",297,66,30,36,3,142,130,12,86,85,0,1,0,0
"E00004622",405,119,69,50,0,52,41,11,231,225,0,6,0,3
"E00004623",335,96,39,57,2,106,75,31,128,128,0,0,0,3
"E00004624",275,124,36,88,4,28,28,0,117,117,0,0,0,2
"E00004625",338,62,33,29,68,130,59,71,68,68,0,0,0,10
"E00004626",393,59,34,25,21,100,49,51,174,160,6,4,4,39
"E00004627",186,26,10,16,1,131,123,8,26,26,0,0,0,2
"E00004628",230,18,11,7,0,182,127,55,30,30,0,0,0,0
"E00004629",223,100,53,47,0,0,0,0,121,120,0,1,0,2
"E00004630",188,63,8,55,0,7,7,0,117,117,0,0,0,1
"E00004631",247,71,25,46,1,89,84,5,83,82,0,0,1,3
"E00004632",227,13,12,1,4,191,123,68,17,16,0,1,0,2
"E00004633",261,48,15,33,2,179,174,5,32,32,0,0,0,0
"E00004634",283,139,75,64,1,28,2,26,113,110,0,3,0,2
"E00004635",299,38,25,13,0,233,222,11,20,20,0,0,0,8
"E00004636",266,18,3,15,0,238,229,9,6,5,0,0,1,4
"E00004637",239,22,13,9,2,153,116,37,59,56,0,0,3,3
"E00004638",308,62,27,35,3,41,3,38,201,196,0,4,1,1
"E00004639",205,23,8,15,0,149,88,61,33,30,0,3,0,0
"E00004640",336,64,16,48,4,143,138,5,124,121,0,3,0,1
"E00004641",364,45,17,28,7,235,223,12,75,66,0,4,5,2
"E00004642",344,39,15,24,2,284,279,5,19,14,0,0,5,0
"E00004643",353,86,36,50,2,79,48,31,178,163,0,12,3,8
"E00004644",369,68,20,48,0,227,218,9,74,74,0,0,0,0
"E00004645",172,47,5,42,0,0,0,0,124,118,0,6,0,1
"E00004646",252,33,16,17,0,185,137,48,31,27,0,4,0,3
"E00004647",367,31,16,15,3,181,143,38,141,140,0,1,0,11
"E00004649",227,68,34,34,0,14,5,9,139,126,2,6,5,6
"E00004650",324,54,23,31,0,143,6,137,120,119,1,0,0,7
"E00004651",159,73,39,34,1,23,2,21,57,54,0,3,0,5
"E00004652",237,48,25,23,0,125,121,4,59,59,0,0,0,5
"E00004653",151,56,31,25,0,0,0,0,90,84,2,2,2,5
"E00004654",141,16,5,11,0,4,0,4,116,115,0,1,0,5
"E00004655",326,64,39,25,0,192,172,20,65,60,0,3,2,5
"E00004656",396,15,5,10,1,241,39,202,125,81,0,0,44,14
"E00004658",292,47,18,29,0,177,159,18,53,52,0,0,1,15
"E00004659",404,26,2,24,0,148,67,81,224,224,0,0,0,6
"E00004660",340,27,14,13,0,258,105,153,49,45,0,4,0,6
"E00004661",268,42,30,12,5,126,72,54,91,91,0,0,0,4
"E00004662",272,53,30,23,0,135,135,0,75,67,0,8,0,9
"E00004663",361,37,11,26,3,253,243,10,62,56,0,6,0,6
"E00004664",347,17,8,9,0,171,44,127,147,143,0,2,2,12
"E00004665",249,9,4,5,0,227,50,177,8,8,0,0,0,5
"E00004666",303,45,17,28,0,149,146,3,93,85,0,2,6,16
"E00004667",207,64,46,18,3,1,1,0,135,132,0,3,0,4
"E00004668",171,4,4,0,0,163,19,144,2,2,0,0,0,2
"E00004669",293,14,7,7,1,175,148,27,81,81,0,0,0,22
"E00004670",251,23,9,14,0,172,116,56,51,51,0,0,0,5
"E00004671",470,37,13,24,5,340,109,231,84,82,0,2,0,4
"E00004672",223,66,36,30,2,17,14,3,134,131,0,3,0,4
"E00004673",282,19,4,15,0,216,132,84,42,37,0,3,2,5
"E00004674",240,25,17,8,0,185,185,0,28,22,0,3,3,2
"E00004675",232,35,12,23,3,178,103,75,13,10,0,3,0,3
"E00004676",176,77,56,21,0,3,2,1,91,83,3,5,0,5
"E00004677",325,40,19,21,0,167,165,2,102,93,0,9,0,16
"E00004678",327,51,33,18,0,204,177,27,65,60,0,4,1,7
"E00004679",180,25,8,17,0,116,116,0,34,31,0,3,0,5
"E00004680",203,58,37,21,0,7,3,4,120,115,2,3,0,18
"E00004681",293,85,48,37,5,23,2,21,164,145,0,2,17,16
"E00004682",165,18,6,12,0,117,117,0,30,30,0,0,0,0
"E00004683",173,18,5,13,0,123,89,34,30,27,0,3,0,2
"E00004684",320,12,5,7,0,239,86,153,69,61,0,5,3,0
"E00004685",321,37,5,32,3,207,195,12,70,67,2,1,0,4
"E00004686",310,53,31,22,1,179,177,2,77,72,0,5,0,0
"E00004687",245,170,127,43,7,3,3,0,49,42,2,2,3,16
"E00004688",411,52,17,35,6,276,273,3,76,73,0,3,0,1
"E00004689",323,73,32,41,0,178,177,1,67,67,0,0,0,5
"E00004690",229,58,38,20,5,96,96,0,63,60,0,1,2,7
"E00004691",478,49,19,30,0,141,138,3,288,277,0,11,0,0
"E00004692",432,52,15,37,2,157,157,0,221,215,0,6,0,0
"E00004693",361,54,29,25,4,187,167,20,112,110,0,2,0,4
"E00004694",241,63,21,42,2,77,55,22,96,93,0,3,0,3
"E00004695",459,65,29,36,0,203,192,11,184,176,0,3,5,7
"E00004696",348,37,29,8,0,253,235,18,57,54,0,3,0,1
"E00004697",295,35,18,17,0,146,119,27,109,96,0,11,2,5
"E00004699",161,22,3,19,0,119,119,0,20,19,0,0,1,0
"E00004700",280,39,13,26,0,194,111,83,37,37,0,0,0,10
"E00004701",296,40,36,4,1,196,5,191,50,45,0,0,5,9
"E00004702",265,30,13,17,1,184,165,19,43,43,0,0,0,7
"E00004703",278,86,50,36,0,93,87,6,97,94,0,3,0,2
"E00004704",359,37,17,20,0,99,30,69,220,211,0,9,0,3
"E00004705",351,162,95,67,0,48,36,12,141,135,0,1,5,0
"E00004706",412,106,53,53,1,144,127,17,154,152,1,1,0,7
"E00004707",455,74,35,39,2,11,8,3,364,354,5,0,5,4
"E00004708",193,75,40,35,0,61,52,9,57,55,0,0,2,0
"E00004709",388,123,69,54,1,147,141,6,116,114,0,2,0,1
"E00004710",311,90,17,73,6,124,95,29,91,89,0,2,0,0
"E00004711",297,93,28,65,1,112,97,15,86,81,0,5,0,5
"E00004712",324,194,124,70,0,40,7,33,69,49,12,0,8,21
"E00004713",164,2,2,0,0,157,5,152,5,5,0,0,0,0
"E00004714",251,87,55,32,0,42,1,41,110,63,22,12,13,12
"E00004715",261,33,15,18,9,196,77,119,18,12,0,4,2,5
"E00004716",318,64,19,45,0,185,184,1,69,63,0,6,0,0
"E00004717",183,33,26,7,0,119,10,109,28,25,0,0,3,3
"E00004718",316,14,4,10,0,251,245,6,41,41,0,0,0,10
"E00004719",423,46,18,28,2,318,216,102,56,46,0,6,4,1
"E00004720",227,2,2,0,0,215,4,211,10,9,0,0,1,0
"E00004721",338,41,8,33,0,207,204,3,74,69,0,3,2,16
"E00004722",294,56,34,22,0,190,187,3,37,37,0,0,0,11
"E00004723",264,47,24,23,0,156,155,1,56,54,0,2,0,5
"E00004724",324,27,5,22,10,168,143,25,110,105,0,4,1,9
"E00004725",403,36,22,14,0,335,327,8,27,25,0,2,0,5
"E00004726",225,10,0,10,3,179,47,132,31,30,0,1,0,2
"E00004727",322,13,2,11,5,245,120,125,57,56,0,1,0,2
"E00004728",563,46,9,37,1,431,371,60,72,63,5,3,1,13
"E00004729",256,6,4,2,0,228,79,149,18,14,4,0,0,4
"E00004730",160,0,0,0,0,157,18,139,3,3,0,0,0,0
"E00004731",323,48,28,20,0,160,97,63,114,106,0,1,7,1
"E00004732",417,32,13,19,12,294,261,33,75,75,0,0,0,4
"E00004733",246,66,11,55,13,80,15,65,87,82,0,4,1,0
"E00004734",343,45,9,36,0,250,234,16,48,46,0,0,2,0
"E00004735",274,6,4,2,1,257,236,21,7,7,0,0,0,3
"E00004736",257,44,30,14,0,56,16,40,152,141,0,4,7,5
"E00004738",261,117,46,71,54,7,0,7,77,60,0,17,0,6
"E00004739",274,65,26,39,4,15,3,12,188,179,0,9,0,2
"E00004740",306,37,10,27,0,235,235,0,31,31,0,0,0,3
"E00004741",315,46,12,34,10,175,148,27,77,67,0,10,0,7
"E00004742",459,74,26,48,4,162,162,0,219,209,0,10,0,0
"E00004743",396,91,40,51,2,191,191,0,112,112,0,0,0,0
"E00004744",331,56,15,41,0,203,199,4,71,71,0,0,0,1
"E00004745",286,33,19,14,11,196,194,2,42,38,0,0,4,4
"E00004746",314,41,9,32,3,232,227,5,36,36,0,0,0,2
"E00004747",330,50,24,26,5,199,190,9,73,64,0,4,5,3
"E00004748",344,36,17,19,0,215,207,8,93,93,0,0,0,0
"E00004749",527,38,20,18,3,377,356,21,107,102,0,5,0,2
"E00004750",364,23,8,15,26,155,98,57,157,157,0,0,0,3
"E00004751",240,45,22,23,1,148,144,4,41,40,0,0,1,5
"E00004752",331,87,32,55,0,202,160,42,42,42,0,0,0,0
"E00004753",308,31,9,22,0,200,200,0,76,72,0,4,0,1
"E00004754",302,38,11,27,4,138,136,2,115,107,5,3,0,7
"E00004755",260,25,15,10,0,181,180,1,45,40,0,5,0,9
"E00004756",259,25,21,4,0,157,101,56,69,67,0,2,0,8
"E00004757",334,28,16,12,3,267,264,3,36,36,0,0,0,0
"E00004758",232,21,15,6,0,190,181,9,21,21,0,0,0,0
"E00004759",233,28,11,17,0,183,115,68,22,18,0,2,2,0
"E00004760",195,9,8,1,0,186,17,169,0,0,0,0,0,0
"E00004761",358,7,0,7,0,333,62,271,2,2,0,0,0,16
"E00004762",275,7,3,4,0,214,20,194,45,44,0,0,1,9
"E00004763",223,38,13,25,3,133,133,0,44,40,0,2,2,5
"E00004764",231,36,7,29,5,133,94,39,56,49,0,7,0,1
"E00004765",242,51,8,43,0,162,161,1,27,24,0,3,0,2
"E00004766",234,129,79,50,0,16,13,3,87,80,0,7,0,2
"E00004767",296,149,52,97,0,12,9,3,134,131,0,0,3,1
"E00004768",220,105,54,51,0,3,3,0,109,108,0,1,0,3
"E00004769",275,124,43,81,0,20,11,9,128,125,0,0,3,3
"E00004770",200,141,75,66,0,10,10,0,46,45,0,1,0,3
"E00004771",310,218,161,57,0,4,4,0,78,75,3,0,0,10
"E00004772",273,173,110,63,2,5,5,0,87,84,0,1,2,6
"E00004773",251,133,75,58,0,6,0,6,109,108,0,1,0,3
"E00004774",206,104,51,53,0,8,8,0,91,91,0,0,0,3
"E00004775",267,160,72,88,0,5,5,0,101,98,0,3,0,1
"E00004776",310,81,32,49,0,64,29,35,163,156,0,3,4,2
"E00004777",301,68,35,33,0,173,170,3,59,59,0,0,0,1
"E00004778",220,118,76,42,0,5,3,2,85,79,0,4,2,12
"E00004779",299,126,92,34,0,4,0,4,159,153,3,3,0,10
"E00004780",276,77,48,29,0,4,0,4,166,160,5,1,0,29
"E00004781",297,83,29,54,12,65,58,7,125,117,0,7,1,12
"E00004782",253,103,68,35,0,4,4,0,138,132,5,1,0,8
"E00004783",311,141,62,79,6,104,99,5,56,48,8,0,0,4
"E00004784",264,113,66,47,0,47,0,47,95,90,1,3,1,9
"E00004785",288,44,11,33,0,180,175,5,60,55,5,0,0,4
"E00004786",194,92,71,21,0,3,0,3,90,90,0,0,0,9
"E00004787",281,102,51,51,0,58,55,3,119,107,0,6,6,2
"E00004788",249,88,27,61,0,13,12,1,148,145,0,3,0,0
"E00004789",234,8,2,6,0,137,122,15,81,81,0,0,0,8
"E00004790",245,113,51,62,0,28,2,26,94,91,0,3,0,10
"E00004791",238,50,22,28,0,126,51,75,61,58,0,3,0,1
"E00004792",267,135,35,100,2,61,19,42,69,68,0,1,0,0
"E00004793",252,127,66,61,0,9,7,2,109,106,0,2,1,7
"E00004794",521,237,131,106,7,169,157,12,90,87,2,0,1,18
"E00004795",251,60,26,34,1,91,1,90,94,88,0,6,0,5
"E00004796",263,85,27,58,1,17,17,0,158,157,0,1,0,2
"E00004797",336,74,38,36,0,189,186,3,69,67,0,2,0,4
"E00004798",242,145,88,57,0,2,0,2,94,91,0,3,0,1
"E00004799",306,134,48,86,0,16,13,3,150,150,0,0,0,6
"E00004801",286,126,56,70,2,10,3,7,144,141,0,0,3,4
"E00004802",229,100,48,52,0,6,6,0,123,123,0,0,0,0
"E00004803",153,41,14,27,3,53,13,40,54,48,0,6,0,2
"E00004804",219,107,38,69,3,0,0,0,108,103,0,5,0,1
"E00004805",226,24,5,19,0,148,143,5,52,52,0,0,0,2
"E00004806",256,120,55,65,0,13,10,3,123,122,0,1,0,0
"E00004807",246,50,43,7,0,100,21,79,88,86,0,2,0,8
"E00004808",230,50,24,26,4,6,0,6,170,157,0,6,7,0
"E00004809",253,136,81,55,0,1,1,0,103,95,4,4,0,13
"E00004810",295,160,103,57,0,12,9,3,123,118,0,5,0,0
"E00004811",270,126,44,82,2,16,16,0,119,116,0,3,0,7
"E00004812",358,79,35,44,0,193,158,35,85,84,0,1,0,1
"E00004813",374,208,110,98,4,37,22,15,115,105,0,4,6,10
"E00004814",209,114,47,67,2,9,8,1,84,84,0,0,0,0
"E00004815",512,69,58,11,5,156,22,134,274,271,0,3,0,8
"E00004816",245,96,24,72,2,33,23,10,112,110,0,2,0,2
"E00004817",258,158,76,82,0,30,12,18,68,68,0,0,0,2
"E00004818",202,52,16,36,0,11,5,6,135,134,0,1,0,4
"E00004819",335,208,106,102,0,27,17,10,99,95,0,2,2,1
"E00004820",292,72,23,49,0,16,10,6,202,200,0,2,0,2
"E00004821",191,75,46,29,1,17,3,14,95,89,0,0,6,3
"E00004822",350,204,108,96,0,50,29,21,96,94,0,2,0,0
"E00004823",387,53,27,26,0,214,124,90,119,115,2,2,0,1
"E00004824",218,56,30,26,0,24,11,13,137,137,0,0,0,1
"E00004825",201,89,20,69,0,5,2,3,107,104,0,3,0,0
"E00004826",235,103,36,67,5,18,8,10,108,103,0,5,0,1
"E00004827",344,33,18,15,21,195,54,141,83,83,0,0,0,12
"E00004828",273,54,18,36,0,133,125,8,76,72,0,4,0,10
"E00004829",238,63,29,34,0,40,36,4,135,133,0,2,0,0
"E00004830",304,95,35,60,0,90,52,38,119,119,0,0,0,0
"E00004831",255,3,0,3,0,235,34,201,12,12,0,0,0,5
"E00004832",342,28,11,17,0,172,46,126,141,131,0,10,0,1
"E00004833",331,87,41,46,0,77,48,29,165,165,0,0,0,2
"E00004834",437,141,43,98,0,175,86,89,118,117,0,0,1,3
"E00004835",325,59,39,20,0,48,14,34,205,205,0,0,0,13
"E00004836",335,60,23,37,0,130,84,46,141,136,0,0,5,4
"E00004837",400,104,29,75,2,116,43,73,178,172,0,6,0,0
"E00004838",258,57,27,30,2,144,75,69,54,53,0,1,0,1
"E00004839",341,71,18,53,6,122,28,94,137,129,0,8,0,5
"E00004840",236,54,16,38,3,63,52,11,114,114,0,0,0,2
"E00004841",276,62,20,42,5,140,89,51,64,61,0,3,0,5
"E00004842",266,112,45,67,1,67,61,6,86,83,0,1,2,0
"E00004843",206,76,37,39,0,38,32,6,91,87,0,2,2,1
"E00004844",276,113,57,56,0,65,35,30,97,97,0,0,0,1
"E00004845",240,68,38,30,0,35,8,27,137,117,18,2,0,0
"E00004846",279,122,63,59,0,44,16,28,110,107,0,2,1,3
"E00004847",237,81,36,45,1,21,0,21,125,116,0,9,0,9
"E00004848",327,131,64,67,0,26,26,0,159,152,0,7,0,11
"E00004849",286,174,79,95,0,10,5,5,101,89,4,8,0,1
"E00004850",446,174,70,104,3,11,6,5,254,242,0,12,0,4
"E00004851",188,89,21,68,0,16,1,15,83,81,0,2,0,0
"E00004852",290,160,85,75,0,30,21,9,96,95,0,1,0,4
"E00004853",307,50,14,36,0,0,0,0,252,245,0,5,2,5
"E00174649",293,23,9,14,8,166,17,149,91,87,0,1,3,5
"E00174650",145,31,19,12,0,20,15,5,90,75,1,8,6,4
"E00174651",162,28,8,20,2,53,48,5,63,58,4,1,0,16
"E00174652",168,68,17,51,4,63,63,0,26,22,0,4,0,7
"E00174653",334,65,32,33,0,211,211,0,38,25,1,12,0,20
"E00174654",257,38,24,14,6,110,28,82,93,83,0,10,0,10
"E00174655",269,106,80,26,0,24,7,17,130,114,0,11,5,9
"E00174656",222,83,37,46,1,45,10,35,90,84,0,6,0,3
"E00174657",263,85,15,70,0,94,10,84,76,66,0,10,0,8
"E00174658",161,86,44,42,0,17,16,1,57,53,0,4,0,1
"E00174659",326,35,18,17,2,86,0,86,189,162,1,18,8,14
"E00174660",134,17,9,8,2,94,35,59,21,16,0,3,2,0
"E00174661",271,40,22,18,0,192,76,116,38,36,0,1,1,1
"E00174662",120,1,1,0,0,10,1,9,109,83,22,0,4,0
"E00174663",144,19,8,11,3,28,2,26,91,85,3,1,2,3
"E00174664",123,15,9,6,0,55,1,54,52,39,8,0,5,1
"E00174665",260,40,26,14,0,129,121,8,83,77,0,1,5,8
"E00174666",155,10,4,6,80,52,12,40,13,8,0,0,5,0
"E00174667",216,34,15,19,0,129,88,41,52,39,0,9,4,1
"E00174668",278,22,12,10,0,215,215,0,38,38,0,0,0,3
"E00174669",358,44,6,38,1,280,272,8,30,30,0,0,0,3
"E00174670",280,64,27,37,0,96,7,89,118,115,1,0,2,2
"E00174671",164,81,32,49,0,13,4,9,64,64,0,0,0,6
"E00174672",245,10,0,10,0,171,0,171,64,50,9,0,5,0
"E00174673",111,3,3,0,1,62,0,62,45,30,11,0,4,0
"E00174674",152,20,13,7,0,5,4,1,118,118,0,0,0,9
"E00174675",257,67,36,31,0,76,60,16,106,96,1,8,1,8
"E00174676",200,12,10,2,0,57,0,57,131,115,1,0,15,0
"E00174677",348,96,27,69,0,123,20,103,121,121,0,0,0,8
"E00174678",238,50,29,21,0,25,23,2,145,131,7,3,4,18
"E00174679",64,15,9,6,0,19,2,17,29,18,0,3,8,1
"E00174680",241,26,9,17,6,150,144,6,59,58,0,1,0,0
