"GeographyCode","QS405EW0001","QS405EW0002","QS405EW0003","QS405EW0004","QS405EW0005","QS405EW0006","QS405EW0007","QS405EW0008","QS405EW0009","QS405EW0010","QS405EW0011","QS405EW0012","QS405EW0013","QS405EW0014"
"E01000842",724,359,228,131,3,83,20,63,265,259,1,3,2,14
"E01000843",846,324,206,118,1,188,165,23,322,310,2,6,4,11
"E01000844",870,361,192,169,1,67,17,50,427,415,3,6,3,14
"E01000845",731,348,191,157,0,93,68,25,279,270,1,7,1,11
"E01000846",616,158,95,63,3,359,331,28,87,84,0,3,0,9
"E01000847",677,219,120,99,2,276,251,25,173,157,11,4,1,7
"E01000848",805,399,236,163,3,73,52,21,312,301,1,9,1,18
"E01000849",862,374,217,157,2,63,25,38,407,394,1,10,2,16
"E01000850",664,171,113,58,5,119,67,52,351,314,14,12,11,18
"E01000851",861,218,113,105,4,147,89,58,466,433,10,14,9,26
"E01000852",625,157,121,36,1,154,60,94,297,265,1,12,19,16
"E01000853",840,144,82,62,4,530,407,123,149,135,2,8,4,13
"E01000854",718,169,85,84,2,243,183,60,273,249,4,14,6,31
"E01000855",1111,412,248,164,6,185,8,177,469,395,21,33,20,39
"E01000856",628,132,63,69,2,311,223,88,181,171,0,8,2,2
"E01000857",686,299,180,119,2,166,137,29,211,200,0,10,1,8
"E01000858",775,138,59,79,8,444,221,223,174,161,0,10,3,11
"E01000859",807,392,231,161,7,87,36,51,308,293,4,8,3,13
"E01000860",797,206,137,69,3,381,56,325,192,141,30,11,10,15
"E01000861",729,204,86,118,2,229,183,46,287,266,0,15,6,7
"E01000862",816,480,283,197,0,52,26,26,268,252,4,10,2,16
"E01000863",667,153,83,70,11,132,37,95,353,334,6,9,4,18
"E01000864",717,259,117,142,1,201,104,97,249,230,0,19,0,7
"E01000865",451,195,92,103,1,122,49,73,125,116,2,5,2,8
"E01000866",926,293,146,147,9,407,267,140,204,190,0,11,3,13
"E01000867",675,126,46,80,9,306,210,96,228,206,2,5,15,6
"E01000868",584,82,33,49,3,419,408,11,74,72,0,2,0,6
"E01000869",967,324,153,171,2,250,132,118,378,348,2,24,4,13
"E01000870",774,255,96,159,8,350,319,31,152,144,3,4,1,9
"E01000871",632,350,183,167,15,91,72,19,169,163,0,4,2,7
"E01000872",913,230,86,144,7,135,82,53,535,524,0,9,2,6
"E01000873",710,369,187,182,0,98,29,69,237,228,2,7,0,6
"E01000874",704,394,195,199,1,21,17,4,273,261,2,7,3,15
"E01000875",839,251,106,145,7,133,46,87,438,427,0,9,2,10
"E01000876",800,208,64,144,7,342,271,71,233,225,2,3,3,10
"E01000877",726,300,130,170,1,71,34,37,340,328,0,8,4,14
"E01000878",550,306,193,113,1,62,41,21,161,154,1,5,1,20
"E01000879",602,299,181,118,1,50,46,4,241,236,1,3,1,11
"E01000880",621,315,173,142,0,33,26,7,259,255,1,2,1,14
"E01000881",632,213,140,73,3,62,48,14,342,339,0,3,0,12
"E01000882",728,360,211,149,3,20,17,3,330,324,0,5,1,15
"E01000883",638,225,133,92,4,50,33,17,346,330,2,7,7,13
"E01000884",577,363,214,149,1,24,15,9,178,171,0,4,3,11
"E01000885",592,348,256,92,2,50,42,8,162,157,0,4,1,30
"E01000886",606,332,151,181,2,107,93,14,156,150,2,3,1,9
"E01000887",690,298,128,170,5,132,119,13,245,233,0,7,5,10
"E01000888",697,285,150,135,4,214,123,91,188,180,0,8,0,6
"E01000889",657,109,38,71,2,472,338,134,66,63,0,3,0,8
"E01000890",767,67,21,46,5,635,627,8,54,48,2,3,1,6
"E01000891",672,91,37,54,4,460,433,27,108,103,0,4,1,9
"E01000892",823,320,174,146,16,233,214,19,234,218,3,11,2,20
"E01000893",715,426,279,147,5,32,19,13,244,233,0,9,2,8
"E01000894",619,362,246,116,0,26,21,5,220,207,6,7,0,11
"E01000895",841,300,195,105,3,203,173,30,311,291,5,12,3,24
"E01000896",756,449,302,147,0,31,16,15,265,257,1,7,0,11
"E01000897",721,429,278,151,0,16,14,2,252,244,1,6,1,24
"E01000898",850,184,113,71,2,375,177,198,269,243,15,1,10,20
"E01000899",698,480,325,155,0,12,9,3,171,164,2,3,2,35
"E01000900",757,234,102,132,6,325,287,38,182,172,1,7,2,10
"E01000901",703,109,31,78,25,465,307,158,94,90,1,3,0,10
"E01000902",590,106,46,60,7,367,323,44,102,96,0,6,0,8
"E01000903",686,282,169,113,4,220,65,155,168,157,2,5,4,12
"E01000904",918,210,89,121,8,478,423,55,220,210,1,7,2,2
"E01000905",812,71,13,58,1,627,607,20,109,101,2,6,0,4
"E01000906",788,392,227,165,0,101,96,5,281,262,0,16,3,14
"E01000907",627,192,79,113,4,341,314,27,86,84,0,2,0,4
"E01000908",827,262,116,146,2,435,422,13,116,94,1,13,8,12
"E01000909",661,393,253,140,7,123,92,31,124,110,0,11,3,14
"E01000910",588,352,225,127,1,97,80,17,126,118,3,5,0,12
"E01000911",663,287,137,150,4,263,92,171,105,95,1,5,4,4
"E01000912",700,209,107,102,14,359,280,79,105,97,3,5,0,13
"E01000913",722,539,340,199,2,14,10,4,140,129,5,6,0,27
"E01000914",970,278,150,128,2,205,133,72,450,397,7,12,34,35
"E01000915",635,108,50,58,4,375,301,74,138,120,5,9,4,10
"E01000916",881,252,116,136,2,338,195,143,270,258,0,11,1,19
"E01000917",913,93,34,59,0,680,454,226,127,120,0,5,2,13
"E01000918",935,236,134,102,8,381,227,154,288,280,0,5,3,22
"E01000919",834,182,87,95,16,305,131,174,312,299,5,7,1,19
"E01000920",946,223,116,107,0,315,182,133,383,358,5,11,9,25
"E01000921",946,253,106,147,18,199,87,112,462,450,3,7,2,14
"E01000922",653,173,87,86,24,275,191,84,173,167,0,4,2,8
"E01000923",656,311,148,163,2,222,126,96,116,110,3,2,1,5
"E01000924",795,321,158,163,1,197,133,64,261,249,1,7,4,15
"E01000925",629,124,51,73,1,396,369,27,101,90,1,8,2,7
"E01000926",698,182,74,108,2,231,207,24,272,260,2,6,4,11
"E01000927",734,362,190,172,4,158,123,35,200,187,1,11,1,10
"E01000928",682,282,128,154,3,253,192,61,134,127,0,7,0,10
"E01000929",685,139,70,69,3,395,359,36,137,129,1,5,2,11
"E01000930",1076,179,71,108,4,496,259,237,384,356,2,15,11,13
"E01000931",873,166,47,119,3,371,285,86,323,315,0,4,4,10
"E01000932",947,320,141,179,3,261,192,69,357,341,0,13,3,6
"E01000933",821,290,132,158,5,143,100,43,376,369,0,5,2,7
"E01000934",732,117,56,61,52,340,255,85,200,188,3,4,5,23
"E01000935",624,90,38,52,1,416,322,94,111,107,0,3,1,6
"E01000936",536,110,58,52,5,271,106,165,138,128,0,6,4,12
"E01000937",502,103,62,41,0,124,93,31,258,236,1,7,14,17
"E01000938",737,78,39,39,3,352,156,196,288,284,0,3,1,16
"E01000939",446,51,26,25,2,284,222,62,91,88,0,2,1,18
"E01000940",534,46,22,24,2,352,128,224,119,95,0,4,20,15
"E01000941",557,56,26,30,0,429,274,155,62,54,0,5,3,10
"E01000942",686,206,133,73,2,158,151,7,299,281,1,15,2,21
"E01000943",596,155,92,63,0,150,71,79,270,261,4,4,1,21
"E01000944",667,102,52,50,3,353,301,52,202,194,0,8,0,7
"E01000945",611,98,50,48,3,259,191,68,240,224,0,12,4,11
"E01000946",715,217,156,61,6,221,106,115,238,190,11,11,26,33
"E01000947",871,206,98,108,6,229,153,76,421,411,2,7,1,9
"E01000948",846,284,160,124,2,283,223,60,260,240,4,5,11,17
"E01000949",739,57,31,26,7,591,159,432,79,69,0,5,5,5
"E01000950",550,75,32,43,0,369,365,4,96,89,0,5,2,10
"E01000951",603,103,52,51,6,385,366,19,102,96,1,5,0,7
"E01000952",675,101,45,56,2,411,383,28,148,141,1,6,0,13
"E01000953",708,123,44,79,2,464,454,10,109,103,0,3,3,10
"E01000954",642,63,41,22,1,508,359,149,64,60,0,3,1,6
"E01000955",657,35,10,25,3,552,137,415,56,50,1,4,1,11
"E01000956",608,74,28,46,4,353,250,103,164,151,1,7,5,13
"E01000957",765,178,75,103,39,291,209,82,248,230,0,16,2,9
"E01000958",835,118,42,76,73,394,293,101,242,227,0,12,3,8
"E01000959",698,108,47,61,8,449,442,7,128,124,0,2,2,5
"E01000960",841,284,156,128,1,145,126,19,386,377,1,8,0,25
"E01000961",652,196,109,87,7,250,213,37,179,172,1,4,2,20
"E01000962",745,333,157,176,3,44,24,20,355,344,0,7,4,10
"E01000963",851,318,216,102,2,71,24,47,406,385,5,9,7,54
"E01000964",713,245,109,136,2,216,120,96,238,225,2,9,2,12
"E01000965",764,319,155,164,1,139,90,49,297,286,0,8,3,8
"E01000966",675,360,181,179,1,25,21,4,284,276,0,8,0,5
"E01000967",619,335,218,117,3,77,50,27,187,177,4,3,3,17
"E01000968",760,297,140,157,2,138,65,73,316,297,8,7,4,7
"E01000969",954,391,188,203,2,48,38,10,495,474,1,18,2,18
"E01000970",831,316,124,192,3,61,21,40,444,436,0,7,1,7
"E01000971",649,329,166,163,1,71,47,24,243,237,0,5,1,5
"E01000972",949,148,88,60,9,438,203,235,338,333,1,4,0,16
"E01000973",894,209,83,126,4,252,135,117,417,408,0,9,0,12
"E01000974",821,208,74,134,5,294,137,157,306,300,0,4,2,8
